1	12528470	4968
1	13436132	4766
1	14104209	4727
1	14801909	3111
1	31108673	4886
1	32063369	6457
1	47232270	4847
1	48118120	4841
1	49031942	3849
1	54742707	4913
1	55524202	4645
1	56285658	4958
1	57081129	4735
1	57895419	3842
1	58546852	4612
1	59357232	6913
1	73883872	4891
1	74896682	6841
1	80646838	4730
1	81353048	5558
1	104226728	4732
1	104830798	4295
1	171825009	4831
1	172816600	5688
1	193106164	4691
1	193901611	4863
1	194623081	4899
1	195390196	3901
1	222593082	4673
1	223464413	6451
1	241519811	4902
1	242239557	6488
1	243255398	4860
1	244257701	4739
1	245024906	4807
2	6001325	4684
2	6713041	6814
2	11146840	4552
2	11886439	6588
2	13007063	4828
2	13739066	7353
2	17123190	4765
2	17914215	4838
2	18642195	4995
2	26827570	4791
2	28010562	6491
2	38975499	4682
2	39862495	4865
2	40486330	4386
2	47570989	4972
2	48414881	4551
2	49052277	4667
2	49713981	4352
2	50385121	4582
2	51143683	4567
2	51775818	4623
2	52407967	4853
2	53052591	5724
2	58296598	4776
2	59219279	5263
2	70248710	4642
2	70994225	7285
2	77593369	4952
2	78329980	4728
2	79087945	4454
2	79742645	5584
2	98731176	4844
2	99675011	6360
2	113086961	4808
2	113953658	4727
2	114919256	4716
2	115774520	4683
2	116513702	4992
2	117382576	5346
2	119700201	4930
2	120620088	4749
2	121425165	4880
2	122371303	4352
2	140217289	4760
2	140889492	4387
2	141465666	4422
2	142137880	4736
2	142942219	7349
2	159286849	4880
2	160130115	6605
2	161411767	4813
2	162460483	6765
2	163736062	4746
2	164755096	4838
2	165687482	4539
2	168451656	4938
2	169266390	5357
2	179400925	4894
2	180170135	4697
2	182523242	4885
2	183345018	4608
2	184100316	4515
2	210679157	4955
2	211423203	4661
2	212105005	3176
2	212538891	4960
2	213346606	4850
2	214121050	3429
2	235178955	4953
2	235941259	4971
3	2089261	4872
3	2711701	3340
3	3126663	4709
3	3711344	5497
3	5250305	4587
3	5808115	4734
3	6365935	4605
3	6984973	4830
3	7672793	4796
3	8291591	4738
3	16531852	4956
3	17335148	4901
3	18313164	6468
3	19535696	4998
3	20342269	4793
3	21030924	4840
3	21648258	6632
3	22373371	4628
3	23047214	6480
3	24103288	4924
3	24878405	4852
3	25468337	7357
3	27369510	4655
3	28127743	4904
3	29019544	6668
3	54048843	4985
3	54849896	4285
3	59119559	4687
3	59834545	4918
3	60417995	4927
3	61084795	4646
3	61810439	3522
3	67306409	4830
3	68065295	6459
3	74005659	4844
3	74837300	4827
3	75659186	4475
3	76438166	7309
3	79767865	4676
3	80516382	7190
3	91356964	4988
3	94493932	4213
3	95172427	4946
3	95847415	5962
3	104063632	4992
3	104825402	4785
3	109243175	4896
3	110107595	6554
3	113515237	4691
3	114522018	4705
3	115509858	4824
3	116430490	4545
3	143848581	4729
3	144661606	4857
3	145470526	7532
3	151499856	4890
3	152396266	5574
3	153374236	4721
3	154088623	6678
3	163361613	4881
3	164121979	6283
3	174378055	4688
3	175094325	4610
3	189325354	4787
3	190046600	5903
4	5527851	4842
4	6127043	6810
4	19909742	4719
4	20687022	4614
4	21351132	4159
4	21948849	4812
4	22675764	7183
4	26104308	4737
4	27073415	6126
4	29408062	4921
4	30179138	4908
4	30919150	4410
4	32353270	4596
4	32949822	3001
4	34966394	4880
4	35605014	7053
4	56681949	4640
4	57341076	4843
4	58000203	3766
4	58565172	4685
4	59219318	4874
4	59909270	4981
4	60540548	4139
4	78003489	4909
4	78840579	4573
4	79701927	4707
4	80543403	4521
4	83731805	4873
4	84640889	4901
4	85560614	6871
4	89308060	4569
4	90037043	4587
4	90778319	4768
4	91519595	4680
4	92430433	4645
4	93350281	4718
4	94147277	4723
4	94956245	4394
4	99654698	4989
4	100498895	4947
4	111064277	4713
4	111933873	4592
4	113420186	4896
4	114312087	4981
4	122923018	4894
4	123764615	5399
4	127077812	4920
4	128103026	6421
4	142847482	4537
4	143719802	4610
4	144368866	3242
4	159064448	4874
4	159933996	4683
4	160662752	4638
4	161289725	5893
4	169833413	4983
4	170597901	4839
4	171291837	4806
4	172037933	7816
4	177691118	4684
4	178449393	4219
4	178991018	6545
4	181265079	4970
4	181927327	5651
5	9546125	4978
5	10280657	4717
5	11053779	5000
5	17669568	4842
5	18435902	4839
5	19184612	4790
5	19972296	3714
5	45896020	4406
5	46350746	4301
5	58161802	4906
5	58947676	4712
5	59789796	3797
5	61546220	4966
5	62493526	4763
5	67902650	4547
5	68691371	6564
5	78770071	4769
5	79628576	7499
5	82587461	4787
5	83443964	5410
5	89466448	4916
5	90481573	7036
5	98833761	4780
5	99660216	7057
5	102296599	4987
5	103092641	4993
5	104014931	4887
5	104831751	4547
5	105630976	4349
5	111494936	4887
5	112218091	5878
5	113021020	4984
5	113702647	6603
5	128189738	4913
5	128974587	3080
5	153899037	4993
5	154762767	6831
5	158278863	4880
5	159208585	4752
5	160028098	5374
5	166382649	4917
5	167240880	7463
6	6655033	4995
6	7324919	4414
6	7999467	4972
6	8774367	4651
6	9529264	4324
6	19840734	4637
6	20604255	5491
6	43224637	4931
6	44154713	4727
6	44942202	4193
6	58438414	4952
6	60979656	4625
6	61504476	4824
6	62300296	4894
6	63012001	4827
6	63927101	4406
6	64660113	6843
6	80070249	4431
6	80736576	7208
6	92790715	4945
6	93522023	4603
6	94341431	7082
6	97140804	4927
6	98148084	4759
6	99083275	4798
6	99890525	4915
6	100821005	4888
6	101589897	4768
6	102375297	3670
6	112826520	4641
6	113710969	4983
6	114745334	4281
6	159589219	4827
6	160377330	4965
6	161224287	4658
6	161889249	4159
6	162504387	5177
6	164831680	4703
6	165470667	6250
7	2844374	4974
7	3412454	6839
7	9769563	4823
7	10365054	5403
7	12243417	4960
7	12837987	4752
7	13386179	4835
7	14002895	6802
7	47079178	4873
7	47851378	4880
7	48624519	4456
7	49762814	4898
7	50623080	6594
7	57837096	4675
7	61609923	3342
7	75888976	4824
7	76852586	4987
7	77793568	4806
7	78511828	6094
7	120186114	4828
7	121177285	6078
7	124790739	4697
7	125607479	5156
7	129952999	4956
7	130905988	4682
7	131776970	7789
7	145040991	4857
7	145798056	4493
7	146524540	4379
7	147235726	4212
7	147828381	4384
7	153449925	4608
7	154172125	4705
7	154822105	4974
7	157111122	4643
7	157739467	6100
8	0	4519
8	662099	4383
8	1185305	4972
8	1650377	4597
8	2114325	4874
8	2704485	4354
8	3148404	3284
8	3365652	3578
8	3582900	3980
8	3800148	3747
8	4017396	3899
8	4234644	4612
8	4560516	5889
8	5363700	4974
8	5743890	6932
8	14023472	4473
8	14448687	4486
8	14873902	4746
8	15390785	5673
8	18029994	4820
8	18550518	7375
8	22684059	4826
8	23384409	5026
8	30984371	4913
8	31832202	4955
8	32592533	4734
8	49228975	4835
8	50073654	6338
8	56993894	4939
8	57698437	5910
8	60142192	4698
8	61026674	7060
8	66197365	4870
8	67295445	5748
8	73915060	4968
8	74803222	4808
8	75566893	4852
8	76392936	6121
8	81533325	4619
8	82348255	6775
8	86154278	4750
8	86938662	6320
8	102452533	4904
8	103275829	4728
8	104090739	4838
8	104956949	4864
8	105913424	4522
8	110632444	4756
8	111693938	4718
8	112599766	4718
8	113504890	4904
8	114182300	4976
8	114953161	7046
8	132111209	4654
8	132922439	4896
8	133658259	4748
8	136529926	4923
8	137314212	4575
8	138009892	3474
9	4945952	4746
9	5700922	6383
9	6707830	4836
9	7293511	4819
9	7882576	3925
9	8358876	4489
9	8889204	4255
9	9419532	4528
9	9949860	4323
9	10480188	4267
9	16276363	4843
9	16963521	4862
9	17611917	4931
9	18298398	4390
9	21396396	4826
9	22137962	4776
9	22898122	4156
9	24592043	4744
9	25192125	6276
9	73873347	4997
9	74847934	5601
9	79990114	4789
9	80651029	4952
9	81313657	3462
9	96028015	4781
9	96944677	6802
9	101563394	4499
9	102219890	4636
9	102812373	6044
10	8724338	4653
10	9513295	4890
10	10267255	3618
10	10795030	4941
10	11538279	4953
10	12281943	4129
10	17237643	4945
10	17882203	4875
10	18537055	4781
10	19195835	4392
10	23442440	4590
10	24252380	4681
10	38783158	4874
10	39288124	3506
10	41644632	3415
10	50963408	4794
10	51773864	4761
10	52532050	4736
10	53258290	4794
10	53952796	4936
10	54604258	4609
10	55348786	7599
10	65315020	4755
10	65961617	4383
10	66539813	7044
10	75411892	4835
10	76408454	4944
10	77305490	4713
10	80126367	4630
10	80834067	4430
10	81507353	4601
10	82247289	3932
10	109529058	4692
10	110364700	6949
10	127452567	4845
10	128059943	4856
10	128757439	3642
10	129963891	4804
10	130626229	5924
11	9753041	4986
11	10494023	4764
11	20121648	4895
11	20842611	4757
11	35530350	4867
11	36347642	4821
11	37149870	3768
11	40112649	4734
11	40853587	3416
11	48628543	4690
11	49269402	4869
11	50058268	4812
11	50637541	4970
11	54780396	5650
11	61508707	4616
11	62355410	3137
11	79440998	4784
11	80231680	4894
11	82718132	4784
11	83644006	4708
11	84415546	6438
11	90192944	4762
11	91026210	4765
11	91764619	3639
11	97260037	4649
11	97992927	4917
11	98644422	4998
11	99298579	4479
11	99864099	3555
11	119093599	4549
11	119931427	3419
11	124358519	4762
11	125196564	6502
11	131350967	4900
11	132140822	4734
11	132855494	4314
12	16989986	4735
12	17757964	5652
12	33718267	4972
12	34416329	3266
12	37243786	3075
12	59812626	4817
12	60655651	6381
12	77228743	4962
12	78016183	4366
12	78808549	4833
12	79794621	5061
12	97995498	4728
12	98882081	4960
12	99846863	4114
12	121399946	4872
12	122341332	6831
12	126524676	4679
12	127201484	7282
13	23946832	4744
13	24545847	5484
13	48002602	4731
13	48830110	6229
13	52500245	4855
13	53376716	5966
13	81115345	4630
13	81861081	4926
13	82767529	3513
13	90781919	4517
13	91524963	4436
13	92291466	4823
13	94407451	4828
13	95174507	5145
13	102402507	4905
13	103184382	4929
13	103924553	5738
14	35389119	4974
14	36370008	6415
14	37579175	4713
14	38432164	6123
14	55411908	4907
14	56111763	4495
14	66177685	4910
14	66981013	4907
14	77616823	4809
14	78331528	4571
14	79145128	4060
14	88326957	4753
14	89249313	7123
15	33310709	4641
15	33931349	6927
15	57323958	4895
15	58045740	6388
15	85330384	4980
15	86012525	4673
15	86654573	3077
15	93089254	4956
15	93672665	4891
15	94446155	4968
15	95274412	3234
16	4130870	4691
16	4839214	4142
16	5354334	4185
16	5755404	4975
16	6290164	4147
16	6691234	3805
16	6958614	4887
16	7359684	5752
16	11351812	4885
16	11994829	6169
16	74701010	4968
16	75384406	5833
16	78066811	4627
16	78473749	4572
16	78822553	4915
16	80563185	4745
16	81137495	4616
16	81654374	4975
16	82192840	4699
16	82699712	4574
16	83135294	6489
16	85751179	4894
16	86331969	7024
17	11997560	4797
17	12786763	5620
17	31709909	4722
17	32675909	4893
17	33537054	4351
17	54754699	4886
17	55649323	4921
17	56559609	3039
17	57955373	4738
17	59035231	6155
18	3025616	4939
18	3771930	4571
18	6642528	4984
18	7411783	5867
18	9020814	4870
18	9823228	5649
18	34225002	4903
18	35199954	4862
18	36102898	4834
18	37042768	4947
18	38013456	5710
18	40144554	4927
18	40921882	6323
18	43499886	4821
18	44293679	4787
18	45181397	4708
18	45914506	6946
18	51845678	4894
18	52584923	7305
18	54224838	4815
18	55082732	5436
18	77133733	4694
18	77670548	6761
20	10636879	4922
20	11449445	4995
20	12277765	4659
20	13821632	4748
20	14714272	4672
20	15495332	3762
20	40854279	4679
20	41761584	4835
20	42514419	4051
20	59516089	4889
20	60282710	4562
20	60978468	4616
20	61552406	3307
21	33977741	4943
21	34967903	6322
22	30574637	4913
22	31444386	6915
X	3953611	4835
X	4429611	4666
X	4983128	4571
X	22251360	4757
X	22668088	6157
X	23783006	4756
X	24490790	7058
X	27981499	4830
X	28672605	4738
X	29361885	7111
X	31072103	4398
X	31540127	4077
X	32008151	3689
X	32359169	4151
X	32710187	6609
X	37292277	4822
X	37990617	6115
X	56624508	4910
X	57180100	4704
X	57731625	3856
X	58225892	6354
X	65957246	4916
X	66460658	4893
X	66956070	4455
X	69209974	4919
X	69804187	5171
X	75538752	4869
X	76017447	4706
X	76392577	3215
X	78757144	4763
X	79245592	4892
X	79732972	3749
X	87144798	4742
X	87520116	4943
X	88039184	3501
X	90113756	4912
X	90742026	4961
X	91320570	4915
X	91986295	4649
X	96195667	4687
X	96724021	5779
X	104254983	4899
X	105087067	3516
X	121371103	4775
X	121973293	4587
X	122455183	4588
X	122948027	4880
X	123645685	4723
X	124337395	4867
X	125043005	4865
X	125597624	4863
X	126169300	5943
X	131134440	4828
X	131740272	5866
X	141173638	4838
X	141805652	6223
X	144841710	4844
X	145371926	5811
