1	0	3000
1	1126222	3000
1	1472280	3000
1	1937802	3000
1	2328782	3000
1	2823407	3000
1	3192872	3000
1	3550520	3000
1	3910682	3000
1	4287910	3000
1	4644895	3000
1	5040492	3000
1	5456076	3000
1	5878282	3000
1	6357548	3000
1	6885559	3000
1	7404279	3000
1	7874827	3000
1	8434756	3000
1	9070828	3000
1	9540457	3000
1	10137459	3000
1	10650849	3000
1	11096158	3000
1	11650722	3000
1	12108527	3000
1	12636496	3000
1	13119493	3000
1	13643781	3000
1	14068555	3000
1	14498190	3000
1	14942159	3000
1	15313688	3000
1	15807479	3000
1	16305485	3000
1	16995258	3000
1	17390962	3000
1	17879918	3000
1	18305064	3000
1	18735114	3000
1	19141619	3000
1	19599728	3000
1	20083887	3000
1	20589587	3000
1	21183149	3000
1	21662936	3000
1	22099694	3000
1	22577760	3000
1	23192225	3000
1	23858472	3000
1	24307455	3000
1	24897830	3000
1	25549972	3000
1	26182746	3000
1	26843744	3000
1	27566721	3000
1	28205431	3000
1	28837184	3000
1	29438010	3000
1	29871941	3000
1	30296237	3000
1	30692597	3000
1	31201552	3000
1	31733674	3000
1	32478826	3000
1	33148572	3000
1	33709395	3000
1	34179508	3000
1	34652734	3000
1	35224702	3000
1	35956967	3000
1	36559243	3000
1	37106264	3000
1	37615370	3000
1	38170779	3000
1	38700546	3000
1	39291923	3000
1	39833898	3000
1	40357707	3000
1	40872718	3000
1	41384201	3000
1	41902364	3000
1	42524365	3000
1	43109124	3000
1	43692831	3000
1	44287528	3000
1	44819948	3000
1	45473287	3000
1	46057275	3000
1	46631625	3000
1	47148123	3000
1	47684298	3000
1	48206441	3000
1	48724614	3000
1	49456810	3000
1	50230301	3000
1	50968966	3000
1	51552212	3000
1	52170339	3000
1	52812819	3000
1	53308431	3000
1	53824026	3000
1	54349325	3000
1	54801509	3000
1	55277679	3000
1	55729986	3000
1	56235653	3000
1	56688173	3000
1	57171625	3000
1	57674605	3000
1	58209127	3000
1	58659603	3000
1	59210895	3000
1	59754760	3000
1	60330226	3000
1	60820213	3000
1	61368003	3000
1	61933025	3000
1	62336947	3000
1	62987931	3000
1	63483104	3000
1	64074231	3000
1	64612095	3000
1	65211287	3000
1	65731691	3000
1	66250692	3000
1	66734304	3000
1	67276438	3000
1	67823172	3000
1	68322881	3000
1	68876231	3000
1	69490600	3000
1	70030742	3000
1	70628069	3000
1	71203872	3000
1	71879667	3000
1	72550253	3000
1	73105113	3000
1	73619976	3000
1	74208342	3000
1	74821455	3000
1	75386941	3000
1	75841377	3000
1	76354084	3000
1	76836688	3000
1	77381098	3000
1	78004442	3000
1	78535950	3000
1	79008700	3000
1	79502893	3000
1	79956267	3000
1	80396392	3000
1	80837734	3000
1	81279939	3000
1	81722197	3000
1	82239162	3000
1	82711909	3000
1	83246001	3000
1	83742750	3000
1	84318079	3000
1	84840326	3000
1	85342012	3000
1	85874128	3000
1	86331325	3000
1	86843448	3000
1	87383872	3000
1	87928417	3000
1	88537188	3000
1	89095915	3000
1	89656198	3000
1	90261438	3000
1	90819894	3000
1	91328179	3000
1	91798793	3000
1	92466923	3000
1	93087447	3000
1	93745202	3000
1	94262097	3000
1	94828533	3000
1	95316446	3000
1	95858204	3000
1	96380064	3000
1	96880400	3000
1	97411357	3000
1	97990401	3000
1	98516657	3000
1	99009570	3000
1	99491651	3000
1	99991983	3000
1	100598450	3000
1	101196607	3000
1	101573686	3000
1	102011956	3000
1	102422526	3000
1	102900721	3000
1	103307745	3000
1	104040871	3000
1	104425609	3000
1	104780817	3000
1	105202560	3000
1	105584496	3000
1	106123952	3000
1	106573583	3000
1	107143521	3000
1	107701744	3000
1	108151496	3000
1	108859002	3000
1	109392703	3000
1	109951537	3000
1	110514036	3000
1	111044823	3000
1	111522085	3000
1	112018703	3000
1	112551619	3000
1	113165545	3000
1	113798710	3000
1	114314525	3000
1	114873882	3000
1	115359893	3000
1	115810334	3000
1	116317842	3000
1	116994946	3000
1	117540447	3000
1	118093784	3000
1	118609485	3000
1	119154194	3000
1	119686494	3000
1	120528588	3000
1	121839082	3000
1	125122150	3000
1	144460872	3000
1	145813785	3000
1	146885432	3000
1	147298705	3000
1	147739956	3000
1	148332250	3000
1	149592117	3000
1	150426055	3000
1	151052316	3000
1	151759584	3000
1	152399325	3000
1	152988030	3000
1	153443414	3000
1	154156834	3000
1	154781008	3000
1	155484295	3000
1	156238071	3000
1	156850900	3000
1	157303143	3000
1	157763884	3000
1	158245554	3000
1	158699984	3000
1	159144508	3000
1	159577190	3000
1	160073799	3000
1	160610917	3000
1	161080242	3000
1	161610503	3000
1	162112959	3000
1	162615114	3000
1	163099736	3000
1	163525687	3000
1	164067481	3000
1	164541351	3000
1	165055493	3000
1	165502066	3000
1	166029906	3000
1	166524093	3000
1	166933589	3000
1	167480845	3000
1	167912868	3000
1	168479811	3000
1	168918834	3000
1	169391720	3000
1	169826073	3000
1	170317608	3000
1	170884560	3000
1	171367041	3000
1	171871381	3000
1	172466517	3000
1	173112871	3000
1	173750827	3000
1	174439420	3000
1	175047093	3000
1	175503447	3000
1	176005613	3000
1	176596598	3000
1	177227836	3000
1	177787265	3000
1	178344573	3000
1	178968362	3000
1	179452818	3000
1	179902617	3000
1	180399929	3000
1	180966839	3000
1	181460752	3000
1	182001819	3000
1	182517446	3000
1	183081089	3000
1	183619848	3000
1	184130316	3000
1	184707191	3000
1	185303351	3000
1	185773869	3000
1	186322809	3000
1	186893318	3000
1	187399568	3000
1	187829637	3000
1	188320810	3000
1	188700558	3000
1	189131089	3000
1	189658352	3000
1	190079103	3000
1	190669981	3000
1	191161551	3000
1	191739479	3000
1	192298926	3000
1	192837595	3000
1	193440788	3000
1	193895558	3000
1	194336055	3000
1	194770153	3000
1	195195795	3000
1	195772965	3000
1	196216691	3000
1	196887812	3000
1	197610871	3000
1	198226357	3000
1	198733027	3000
1	199329717	3000
1	199790996	3000
1	200269496	3000
1	200817917	3000
1	201287937	3000
1	201743060	3000
1	202254425	3000
1	202857410	3000
1	203382477	3000
1	203901295	3000
1	204444612	3000
1	204946844	3000
1	205448175	3000
1	205950210	3000
1	206633100	3000
1	207232482	3000
1	207833294	3000
1	208314740	3000
1	208773982	3000
1	209303717	3000
1	209793284	3000
1	210333331	3000
1	210746855	3000
1	211239008	3000
1	211704756	3000
1	212224516	3000
1	212753596	3000
1	213317000	3000
1	213835438	3000
1	214380035	3000
1	214858446	3000
1	215385119	3000
1	215922548	3000
1	216475554	3000
1	216978330	3000
1	217414958	3000
1	217926743	3000
1	218406666	3000
1	218892034	3000
1	219409498	3000
1	219907091	3000
1	220467391	3000
1	221030374	3000
1	221561627	3000
1	222027569	3000
1	222584495	3000
1	223139416	3000
1	223685379	3000
1	224302866	3000
1	224896655	3000
1	225422182	3000
1	225967021	3000
1	226578109	3000
1	227083275	3000
1	227486353	3000
1	227985390	3000
1	228511776	3000
1	229070024	3000
1	229617528	3000
1	230192843	3000
1	230608789	3000
1	231051252	3000
1	231579263	3000
1	232094568	3000
1	232543232	3000
1	232986970	3000
1	233450984	3000
1	233887047	3000
1	234337076	3000
1	234830530	3000
1	235343798	3000
1	235925850	3000
1	236366651	3000
1	236713617	3000
1	237206961	3000
1	237622531	3000
1	238074280	3000
1	238466157	3000
1	238858384	3000
1	239304013	3000
1	239835325	3000
1	240250902	3000
1	240730243	3000
1	241212251	3000
1	241686442	3000
1	242106575	3000
1	242517617	3000
1	242934526	3000
1	243591554	3000
1	244185635	3000
1	244645620	3000
1	245132275	3000
1	245549414	3000
1	245940165	3000
1	246278524	3000
1	246703501	3000
1	247127706	3000
1	247565415	3000
1	247974319	3000
1	248402512	2806
2	0	3000
2	521789	3000
2	894522	3000
2	1263579	3000
2	1653206	3000
2	2074627	3000
2	2536506	3000
2	2919192	3000
2	3353224	3000
2	3755842	3000
2	4191771	3000
2	4619555	3000
2	5025757	3000
2	5493505	3000
2	5938676	3000
2	6373750	3000
2	6864097	3000
2	7385753	3000
2	7879313	3000
2	8408632	3000
2	8930414	3000
2	9531875	3000
2	9989983	3000
2	10425746	3000
2	10850416	3000
2	11312936	3000
2	11769005	3000
2	12209032	3000
2	12755253	3000
2	13219220	3000
2	13696044	3000
2	14125761	3000
2	14577838	3000
2	15081076	3000
2	15579583	3000
2	16034384	3000
2	16506699	3000
2	17033229	3000
2	17516137	3000
2	18004324	3000
2	18408517	3000
2	18899690	3000
2	19442787	3000
2	19878810	3000
2	20410142	3000
2	20873436	3000
2	21360156	3000
2	21969563	3000
2	22522925	3000
2	23038313	3000
2	23501518	3000
2	24001769	3000
2	24545299	3000
2	25131222	3000
2	25807499	3000
2	26429803	3000
2	27019687	3000
2	27757662	3000
2	28393538	3000
2	28935489	3000
2	29410115	3000
2	29848798	3000
2	30379800	3000
2	30816449	3000
2	31241519	3000
2	31742787	3000
2	32310505	3000
2	32826552	3000
2	33225795	3000
2	33657568	3000
2	33968996	3000
2	34328975	3000
2	34744347	3000
2	35136931	3000
2	35565612	3000
2	35914885	3000
2	36322430	3000
2	36752954	3000
2	37215480	3000
2	37643794	3000
2	38037987	3000
2	38401762	3000
2	38876422	3000
2	39460333	3000
2	39967112	3000
2	40329218	3000
2	40760395	3000
2	41200729	3000
2	41611461	3000
2	41991448	3000
2	42465916	3000
2	42961870	3000
2	43375321	3000
2	43810870	3000
2	44222048	3000
2	44741645	3000
2	45154120	3000
2	45609063	3000
2	46049299	3000
2	46461748	3000
2	46894658	3000
2	47290004	3000
2	47746548	3000
2	48287205	3000
2	48732398	3000
2	49112442	3000
2	49514405	3000
2	49995553	3000
2	50432377	3000
2	50919756	3000
2	51371767	3000
2	51780155	3000
2	52182372	3000
2	52598243	3000
2	52973669	3000
2	53372262	3000
2	53771419	3000
2	54281511	3000
2	54789024	3000
2	55233148	3000
2	55680786	3000
2	56093558	3000
2	56526762	3000
2	56943182	3000
2	57314562	3000
2	57712486	3000
2	58313442	3000
2	58893947	3000
2	59421858	3000
2	59915640	3000
2	60395004	3000
2	60997294	3000
2	61579835	3000
2	62185511	3000
2	62668790	3000
2	63422596	3000
2	64021407	3000
2	64546468	3000
2	65053281	3000
2	65571346	3000
2	66036222	3000
2	66572773	3000
2	67057571	3000
2	67501061	3000
2	67890812	3000
2	68408339	3000
2	68897252	3000
2	69410238	3000
2	69977062	3000
2	70549985	3000
2	70990894	3000
2	71440597	3000
2	71894520	3000
2	72485769	3000
2	73214927	3000
2	73779321	3000
2	74397547	3000
2	75031364	3000
2	75474305	3000
2	75952619	3000
2	76363561	3000
2	76758805	3000
2	77088663	3000
2	77551437	3000
2	77964103	3000
2	78435159	3000
2	78936053	3000
2	79324656	3000
2	79769102	3000
2	80240831	3000
2	80727579	3000
2	81258183	3000
2	81754134	3000
2	82160118	3000
2	82744314	3000
2	83223036	3000
2	83749097	3000
2	84271224	3000
2	84873653	3000
2	85395974	3000
2	85918153	3000
2	86418969	3000
2	87199485	3000
2	88106972	3000
2	88666369	3000
2	89240910	3000
2	90216102	3000
2	92295421	3000
2	94261501	3000
2	95125783	3000
2	96068424	3000
2	96850482	3000
2	97765205	3000
2	98341633	3000
2	98936982	3000
2	99517951	3000
2	100123508	3000
2	100519178	3000
2	101006719	3000
2	101548396	3000
2	102091805	3000
2	102504024	3000
2	103121487	3000
2	103649111	3000
2	104179481	3000
2	104711960	3000
2	105253423	3000
2	105673703	3000
2	106064413	3000
2	106554291	3000
2	107025759	3000
2	107469502	3000
2	108062537	3000
2	108523594	3000
2	109035363	3000
2	109468290	3000
2	110690654	3000
2	111245828	3000
2	111882327	3000
2	112511325	3000
2	113071137	3000
2	113604974	3000
2	114130430	3000
2	114734485	3000
2	115299724	3000
2	115822879	3000
2	116296234	3000
2	116786961	3000
2	117271361	3000
2	117718149	3000
2	118177546	3000
2	118735764	3000
2	119170300	3000
2	119678995	3000
2	120283930	3000
2	120733922	3000
2	121229973	3000
2	121826569	3000
2	122379314	3000
2	122863509	3000
2	123268633	3000
2	123741826	3000
2	124257052	3000
2	124713600	3000
2	125344715	3000
2	125805645	3000
2	126326296	3000
2	126781752	3000
2	127176348	3000
2	127712199	3000
2	128247416	3000
2	128706215	3000
2	129174126	3000
2	129656488	3000
2	130185990	3000
2	130920377	3000
2	131477564	3000
2	131966957	3000
2	132502422	3000
2	133030613	3000
2	133588955	3000
2	134067786	3000
2	134556719	3000
2	135239169	3000
2	135982140	3000
2	136536752	3000
2	137000069	3000
2	137442156	3000
2	137918746	3000
2	138538872	3000
2	139090540	3000
2	139530501	3000
2	140025737	3000
2	140494844	3000
2	140891112	3000
2	141273744	3000
2	141674331	3000
2	142142123	3000
2	142631807	3000
2	143169057	3000
2	143742674	3000
2	144498941	3000
2	145211353	3000
2	145747392	3000
2	146335549	3000
2	147060558	3000
2	147680005	3000
2	148265518	3000
2	148824638	3000
2	149415461	3000
2	149925588	3000
2	150463652	3000
2	150974846	3000
2	151464250	3000
2	152083433	3000
2	152624781	3000
2	153136779	3000
2	153650815	3000
2	154101179	3000
2	154602871	3000
2	155102315	3000
2	155578315	3000
2	156094142	3000
2	156732233	3000
2	157333178	3000
2	157982862	3000
2	158426612	3000
2	158868350	3000
2	159355060	3000
2	159857875	3000
2	160419867	3000
2	160922654	3000
2	161565368	3000
2	162171051	3000
2	162816846	3000
2	163336969	3000
2	163942699	3000
2	164586854	3000
2	165152932	3000
2	165733283	3000
2	166269862	3000
2	166701969	3000
2	167164378	3000
2	167653277	3000
2	168144518	3000
2	168616761	3000
2	169098878	3000
2	169587776	3000
2	170047231	3000
2	170483632	3000
2	170975815	3000
2	171552317	3000
2	172108243	3000
2	172543939	3000
2	173075527	3000
2	173526675	3000
2	174023251	3000
2	174621283	3000
2	175239543	3000
2	175727766	3000
2	176235450	3000
2	176770348	3000
2	177307147	3000
2	177815505	3000
2	178348271	3000
2	178988818	3000
2	179468394	3000
2	179938914	3000
2	180409925	3000
2	180877692	3000
2	181373323	3000
2	181922056	3000
2	182450859	3000
2	182943134	3000
2	183432504	3000
2	183878331	3000
2	184381720	3000
2	184977385	3000
2	185536767	3000
2	186117905	3000
2	186698154	3000
2	187289035	3000
2	187849596	3000
2	188373177	3000
2	188972660	3000
2	189549203	3000
2	190169023	3000
2	190758382	3000
2	191364522	3000
2	191925869	3000
2	192510028	3000
2	193198723	3000
2	193820879	3000
2	194380234	3000
2	194882545	3000
2	195308841	3000
2	195812612	3000
2	196288828	3000
2	196927830	3000
2	197560608	3000
2	198207330	3000
2	198805072	3000
2	199502651	3000
2	200131909	3000
2	200725368	3000
2	201373023	3000
2	201972224	3000
2	202665402	3000
2	203429689	3000
2	204047391	3000
2	204600400	3000
2	205192667	3000
2	205717206	3000
2	206264400	3000
2	206810776	3000
2	207322239	3000
2	207924196	3000
2	208477458	3000
2	208959921	3000
2	209374339	3000
2	209939749	3000
2	210588568	3000
2	211012907	3000
2	211500918	3000
2	211928302	3000
2	212321853	3000
2	212777506	3000
2	213269760	3000
2	213759523	3000
2	214208096	3000
2	214695514	3000
2	215165886	3000
2	215659659	3000
2	216175973	3000
2	216698722	3000
2	217153071	3000
2	217669478	3000
2	218184248	3000
2	218867739	3000
2	219512380	3000
2	219977583	3000
2	220441965	3000
2	220990788	3000
2	221478988	3000
2	222085921	3000
2	222656254	3000
2	223116712	3000
2	223604662	3000
2	224116864	3000
2	224604696	3000
2	225159427	3000
2	225729736	3000
2	226277950	3000
2	226826267	3000
2	227318783	3000
2	227697242	3000
2	228138047	3000
2	228607551	3000
2	229128776	3000
2	229607893	3000
2	230168267	3000
2	230596967	3000
2	231078376	3000
2	231614135	3000
2	232160233	3000
2	232599216	3000
2	233083850	3000
2	233562725	3000
2	234014744	3000
2	234431198	3000
2	234796579	3000
2	235230387	3000
2	235680242	3000
2	236149349	3000
2	236652999	3000
2	237064799	3000
2	237525606	3000
2	237886369	3000
2	238329926	3000
2	238783679	3000
2	239185033	3000
2	239600680	3000
2	239996919	3000
2	240363834	3000
2	240749371	3000
2	241162885	3000
2	241612058	3000
2	242006547	865
3	0	3000
3	391318	3000
3	831296	3000
3	1237920	3000
3	1535057	3000
3	1830996	3000
3	2165514	3000
3	2545281	3000
3	2906551	3000
3	3259001	3000
3	3622669	3000
3	4002042	3000
3	4420233	3000
3	4863166	3000
3	5303480	3000
3	5664357	3000
3	5987570	3000
3	6354955	3000
3	6742938	3000
3	7151105	3000
3	7577382	3000
3	7935031	3000
3	8353704	3000
3	8760830	3000
3	9212342	3000
3	9755222	3000
3	10228581	3000
3	10665711	3000
3	11134804	3000
3	11638364	3000
3	12097643	3000
3	12655671	3000
3	13094270	3000
3	13538093	3000
3	13941724	3000
3	14400190	3000
3	14872027	3000
3	15410471	3000
3	15940590	3000
3	16383431	3000
3	16809790	3000
3	17358286	3000
3	17920211	3000
3	18524269	3000
3	18991191	3000
3	19632076	3000
3	20123150	3000
3	20548759	3000
3	20982031	3000
3	21347765	3000
3	21740207	3000
3	22024848	3000
3	22362601	3000
3	22771398	3000
3	23225546	3000
3	23688705	3000
3	24208475	3000
3	24691027	3000
3	25068569	3000
3	25414751	3000
3	25974009	3000
3	26465163	3000
3	26834138	3000
3	27252159	3000
3	27711073	3000
3	28222702	3000
3	28794403	3000
3	29256981	3000
3	29664011	3000
3	30099390	3000
3	30527476	3000
3	30968394	3000
3	31467136	3000
3	31968169	3000
3	32416611	3000
3	32866349	3000
3	33388456	3000
3	33941705	3000
3	34471110	3000
3	34961361	3000
3	35463277	3000
3	36034385	3000
3	36473648	3000
3	37027257	3000
3	37600577	3000
3	38158380	3000
3	38708588	3000
3	39230700	3000
3	39722089	3000
3	40192566	3000
3	40777878	3000
3	41366767	3000
3	41770842	3000
3	42211854	3000
3	42712861	3000
3	43326854	3000
3	43936973	3000
3	44579975	3000
3	45159170	3000
3	45647462	3000
3	46195499	3000
3	46683079	3000
3	47439837	3000
3	48263716	3000
3	49088971	3000
3	49872190	3000
3	50595809	3000
3	51267735	3000
3	52006424	3000
3	52662336	3000
3	53259656	3000
3	53837542	3000
3	54294465	3000
3	54792018	3000
3	55249047	3000
3	55742304	3000
3	56254222	3000
3	56733140	3000
3	57304034	3000
3	57881242	3000
3	58413416	3000
3	58977931	3000
3	59493476	3000
3	59924335	3000
3	60259413	3000
3	60597300	3000
3	61038802	3000
3	61484587	3000
3	61945307	3000
3	62423823	3000
3	62841057	3000
3	63306201	3000
3	63748764	3000
3	64308930	3000
3	64770016	3000
3	65151654	3000
3	65606940	3000
3	66049115	3000
3	66482545	3000
3	66923829	3000
3	67380447	3000
3	67852813	3000
3	68323057	3000
3	68796609	3000
3	69304238	3000
3	69713116	3000
3	70258726	3000
3	70758846	3000
3	71351332	3000
3	71900240	3000
3	72327459	3000
3	72901851	3000
3	73367210	3000
3	73848979	3000
3	74304751	3000
3	74832637	3000
3	75346955	3000
3	75865439	3000
3	76364464	3000
3	76866702	3000
3	77345636	3000
3	77872380	3000
3	78412343	3000
3	78944070	3000
3	79566811	3000
3	80048839	3000
3	80509232	3000
3	81036086	3000
3	81639174	3000
3	82247599	3000
3	82738452	3000
3	83293466	3000
3	83889173	3000
3	84411220	3000
3	84879200	3000
3	85435960	3000
3	85922313	3000
3	86396844	3000
3	86882029	3000
3	87343144	3000
3	87835877	3000
3	88353206	3000
3	88769929	3000
3	89292588	3000
3	89871883	3000
3	90330713	3000
3	90959658	3000
3	93835399	3000
3	94486992	3000
3	94980853	3000
3	95389025	3000
3	95784958	3000
3	96203278	3000
3	96689482	3000
3	97314852	3000
3	98046833	3000
3	98328502	3000
3	98834574	3000
3	99229547	3000
3	99656289	3000
3	100287738	3000
3	100774761	3000
3	101308089	3000
3	101928465	3000
3	102480168	3000
3	103057088	3000
3	103496850	3000
3	103911570	3000
3	104301250	3000
3	104796320	3000
3	105251221	3000
3	105732026	3000
3	106213545	3000
3	106665242	3000
3	107203864	3000
3	107796636	3000
3	108332657	3000
3	108926236	3000
3	109418038	3000
3	109955736	3000
3	110464439	3000
3	110970562	3000
3	111488453	3000
3	112000483	3000
3	112440466	3000
3	112912506	3000
3	113352676	3000
3	113920624	3000
3	114545686	3000
3	115203258	3000
3	115754140	3000
3	116314734	3000
3	116792186	3000
3	117270872	3000
3	117782510	3000
3	118319571	3000
3	118833551	3000
3	119336945	3000
3	119865780	3000
3	120474784	3000
3	120975282	3000
3	121414059	3000
3	122026770	3000
3	122581946	3000
3	123067337	3000
3	123608293	3000
3	124239977	3000
3	124693974	3000
3	125154300	3000
3	125691999	3000
3	125992996	3000
3	126401701	3000
3	126888957	3000
3	127324316	3000
3	127861168	3000
3	128455288	3000
3	128939793	3000
3	129512590	3000
3	130115801	3000
3	130641192	3000
3	131258141	3000
3	131765714	3000
3	132182947	3000
3	132752295	3000
3	133223469	3000
3	133728434	3000
3	134251776	3000
3	134810194	3000
3	135295870	3000
3	135922442	3000
3	136485372	3000
3	137037833	3000
3	137562568	3000
3	138115680	3000
3	138854733	3000
3	139425773	3000
3	139963006	3000
3	140477769	3000
3	140989764	3000
3	141572344	3000
3	142071436	3000
3	142708761	3000
3	143249180	3000
3	143732014	3000
3	144286891	3000
3	144741716	3000
3	145254500	3000
3	145681481	3000
3	146114251	3000
3	146585963	3000
3	147066563	3000
3	147646477	3000
3	148141418	3000
3	148658086	3000
3	149148069	3000
3	149593014	3000
3	150119390	3000
3	150635337	3000
3	151199516	3000
3	151670290	3000
3	152168870	3000
3	152776308	3000
3	153286530	3000
3	153741611	3000
3	154193053	3000
3	154742575	3000
3	155276539	3000
3	155748292	3000
3	156279748	3000
3	156786901	3000
3	157298870	3000
3	157778837	3000
3	158316272	3000
3	158856182	3000
3	159362496	3000
3	159915242	3000
3	160428179	3000
3	161010110	3000
3	161557235	3000
3	162034489	3000
3	162417874	3000
3	162834288	3000
3	163299752	3000
3	163828196	3000
3	164217413	3000
3	164668903	3000
3	165256475	3000
3	165761578	3000
3	166180323	3000
3	166615144	3000
3	167083477	3000
3	167595358	3000
3	168124481	3000
3	168774199	3000
3	169307837	3000
3	169835282	3000
3	170427206	3000
3	170971346	3000
3	171509565	3000
3	172033173	3000
3	172544263	3000
3	173074519	3000
3	173662641	3000
3	174194121	3000
3	174695525	3000
3	175104358	3000
3	175531355	3000
3	176047921	3000
3	176546987	3000
3	176991121	3000
3	177500882	3000
3	178026035	3000
3	178602785	3000
3	179105226	3000
3	179649000	3000
3	180247272	3000
3	180854943	3000
3	181557794	3000
3	182221792	3000
3	182829943	3000
3	183420398	3000
3	183935466	3000
3	184480521	3000
3	184984522	3000
3	185573978	3000
3	186209738	3000
3	186707098	3000
3	187148335	3000
3	187576359	3000
3	188063289	3000
3	188573017	3000
3	189141086	3000
3	189607176	3000
3	190053672	3000
3	190451747	3000
3	190902357	3000
3	191320702	3000
3	191752091	3000
3	192155740	3000
3	192656474	3000
3	193107660	3000
3	193576133	3000
3	194040829	3000
3	194465905	3000
3	194848366	3000
3	195173330	3000
3	195734794	3000
3	196151236	3000
3	196640613	3000
3	197099939	3000
3	197551970	3000
3	198074745	508
4	0	3000
4	502384	3000
4	897777	3000
4	1311521	3000
4	1692256	3000
4	2277309	3000
4	2742500	3000
4	3231887	3000
4	3634154	3000
4	3938968	3000
4	4249648	3000
4	4689125	3000
4	5078802	3000
4	5392610	3000
4	5751249	3000
4	6103924	3000
4	6482822	3000
4	6932813	3000
4	7320140	3000
4	7604551	3000
4	7920106	3000
4	8308068	3000
4	8619621	3000
4	8984909	3000
4	9408613	3000
4	9644558	3000
4	9976045	3000
4	10272772	3000
4	10690690	3000
4	11104727	3000
4	11507043	3000
4	11909472	3000
4	12319656	3000
4	12711712	3000
4	13130015	3000
4	13622387	3000
4	14055073	3000
4	14446906	3000
4	14838470	3000
4	15313739	3000
4	15851390	3000
4	16317766	3000
4	16803837	3000
4	17309396	3000
4	17786772	3000
4	18286122	3000
4	18743142	3000
4	19247215	3000
4	19630163	3000
4	20129622	3000
4	20639836	3000
4	21079648	3000
4	21484963	3000
4	21908538	3000
4	22381125	3000
4	22831804	3000
4	23386457	3000
4	23832015	3000
4	24338659	3000
4	24872734	3000
4	25341877	3000
4	25793558	3000
4	26347715	3000
4	26947373	3000
4	27439696	3000
4	27864330	3000
4	28305179	3000
4	28812369	3000
4	29256412	3000
4	29713250	3000
4	30159809	3000
4	30556264	3000
4	31065310	3000
4	31455101	3000
4	31923706	3000
4	32345842	3000
4	32680259	3000
4	33164233	3000
4	33691243	3000
4	34314181	3000
4	34754605	3000
4	35218647	3000
4	35581609	3000
4	35969043	3000
4	36460631	3000
4	36924186	3000
4	37326689	3000
4	37762265	3000
4	38204580	3000
4	38676574	3000
4	39110758	3000
4	39734429	3000
4	40284311	3000
4	40806761	3000
4	41278292	3000
4	41803528	3000
4	42302138	3000
4	42758437	3000
4	43171523	3000
4	43655831	3000
4	44124696	3000
4	44618545	3000
4	45022501	3000
4	45530714	3000
4	46062557	3000
4	46648042	3000
4	47196437	3000
4	47711308	3000
4	48293480	3000
4	48984342	3000
4	51881478	3000
4	52353752	3000
4	52920586	3000
4	53445784	3000
4	53897767	3000
4	54499271	3000
4	55012610	3000
4	55426249	3000
4	55928648	3000
4	56444811	3000
4	56893432	3000
4	57327426	3000
4	57718505	3000
4	58118277	3000
4	58574420	3000
4	59011863	3000
4	59378602	3000
4	59795789	3000
4	60226763	3000
4	60563236	3000
4	61010212	3000
4	61502575	3000
4	62044256	3000
4	62522019	3000
4	62947099	3000
4	63320074	3000
4	63736095	3000
4	64277750	3000
4	64677350	3000
4	65100582	3000
4	65551615	3000
4	66010246	3000
4	66495601	3000
4	67023713	3000
4	67509718	3000
4	68040360	3000
4	68672928	3000
4	69025337	3000
4	69453679	3000
4	69811125	3000
4	70272673	3000
4	70702150	3000
4	71244228	3000
4	71801147	3000
4	72334277	3000
4	72818989	3000
4	73416935	3000
4	73945058	3000
4	74507926	3000
4	75038790	3000
4	75404799	3000
4	75978421	3000
4	76405032	3000
4	76966080	3000
4	77366535	3000
4	77915270	3000
4	78394585	3000
4	78941660	3000
4	79520128	3000
4	80040928	3000
4	80557395	3000
4	81028824	3000
4	81585939	3000
4	82018336	3000
4	82524185	3000
4	83037826	3000
4	83605378	3000
4	84117953	3000
4	84714213	3000
4	85283817	3000
4	85789609	3000
4	86301291	3000
4	86882937	3000
4	87451092	3000
4	87894813	3000
4	88443380	3000
4	89030285	3000
4	89505495	3000
4	89964742	3000
4	90417259	3000
4	90889767	3000
4	91349040	3000
4	91827166	3000
4	92456295	3000
4	93028396	3000
4	93620851	3000
4	94092411	3000
4	94632280	3000
4	95112310	3000
4	95571047	3000
4	95914231	3000
4	96492069	3000
4	96983308	3000
4	97423380	3000
4	97919681	3000
4	98349190	3000
4	98872182	3000
4	99352898	3000
4	99784375	3000
4	100281172	3000
4	100750833	3000
4	101289151	3000
4	101748398	3000
4	102285083	3000
4	102875469	3000
4	103475179	3000
4	103945182	3000
4	104558976	3000
4	105111109	3000
4	105578522	3000
4	106116498	3000
4	106701433	3000
4	107237181	3000
4	107772633	3000
4	108375374	3000
4	108920587	3000
4	109426333	3000
4	109933043	3000
4	110395815	3000
4	111023833	3000
4	111531340	3000
4	112096153	3000
4	112637769	3000
4	113159154	3000
4	113698485	3000
4	114237094	3000
4	114735525	3000
4	115213752	3000
4	115627981	3000
4	116163798	3000
4	116633530	3000
4	117082086	3000
4	117537072	3000
4	118023657	3000
4	118556544	3000
4	119066488	3000
4	119497683	3000
4	119984212	3000
4	120496467	3000
4	120882099	3000
4	121342990	3000
4	121760844	3000
4	122370462	3000
4	122922111	3000
4	123423746	3000
4	123967111	3000
4	124441000	3000
4	124919907	3000
4	125373950	3000
4	125879712	3000
4	126306403	3000
4	126738826	3000
4	127243057	3000
4	127843155	3000
4	128488388	3000
4	129018960	3000
4	129502748	3000
4	129974555	3000
4	130389756	3000
4	130813499	3000
4	131313690	3000
4	131804174	3000
4	132277110	3000
4	132735774	3000
4	133125517	3000
4	133600134	3000
4	134181197	3000
4	134748195	3000
4	135178188	3000
4	135714861	3000
4	136248816	3000
4	136713719	3000
4	137179050	3000
4	137554493	3000
4	137979740	3000
4	138487420	3000
4	138940264	3000
4	139560092	3000
4	140094034	3000
4	140663019	3000
4	141179183	3000
4	141754901	3000
4	142213012	3000
4	142760871	3000
4	143312836	3000
4	143815082	3000
4	144234553	3000
4	144860068	3000
4	145619156	3000
4	146199718	3000
4	146833509	3000
4	147396896	3000
4	147991398	3000
4	148555891	3000
4	149103836	3000
4	149679846	3000
4	150178211	3000
4	150825382	3000
4	151462810	3000
4	152021335	3000
4	152582149	3000
4	153083329	3000
4	153619378	3000
4	154093204	3000
4	154650536	3000
4	155161878	3000
4	155669575	3000
4	156088651	3000
4	156519598	3000
4	157066919	3000
4	157556930	3000
4	158044539	3000
4	158601163	3000
4	159257323	3000
4	159749647	3000
4	160244077	3000
4	160689999	3000
4	161076040	3000
4	161458879	3000
4	161924916	3000
4	162355159	3000
4	162775357	3000
4	163316509	3000
4	163803028	3000
4	164243437	3000
4	164691599	3000
4	165118433	3000
4	165577515	3000
4	166057210	3000
4	166463293	3000
4	166939736	3000
4	167399563	3000
4	167879756	3000
4	168366506	3000
4	168815269	3000
4	169383884	3000
4	169925656	3000
4	170390350	3000
4	170800497	3000
4	171226069	3000
4	171705014	3000
4	172188485	3000
4	172775504	3000
4	173412569	3000
4	173932406	3000
4	174399337	3000
4	174864597	3000
4	175305205	3000
4	175792415	3000
4	176289892	3000
4	176727510	3000
4	177232079	3000
4	177754729	3000
4	178210207	3000
4	178614396	3000
4	179025985	3000
4	179409367	3000
4	179797891	3000
4	180183508	3000
4	180578864	3000
4	181016423	3000
4	181432992	3000
4	181801969	3000
4	182291732	3000
4	182729057	3000
4	183177950	3000
4	183586841	3000
4	184021638	3000
4	184451980	3000
4	184883686	3000
4	185298527	3000
4	185752433	3000
4	186133899	3000
4	186549715	3000
4	187000801	3000
4	187448574	3000
4	187901980	3000
4	188223548	3000
4	188562125	3000
4	188888289	3000
4	189203975	3000
4	189598274	2712
5	0	3000
5	420226	3000
5	806400	3000
5	1176080	3000
5	1581154	3000
5	1935894	3000
5	2291694	3000
5	2615131	3000
5	2991693	3000
5	3303364	3000
5	3663069	3000
5	4111684	3000
5	4602476	3000
5	5068581	3000
5	5470254	3000
5	5867031	3000
5	6317304	3000
5	6743107	3000
5	7189099	3000
5	7692812	3000
5	8062559	3000
5	8498071	3000
5	8915862	3000
5	9365969	3000
5	9837538	3000
5	10240856	3000
5	10737302	3000
5	11184909	3000
5	11695021	3000
5	12241639	3000
5	12749583	3000
5	13231941	3000
5	13730513	3000
5	14176324	3000
5	14742693	3000
5	15279061	3000
5	15837403	3000
5	16402035	3000
5	16866598	3000
5	17272556	3000
5	17845970	3000
5	18331166	3000
5	18730789	3000
5	19213680	3000
5	19677057	3000
5	20228519	3000
5	20666461	3000
5	21195206	3000
5	21723718	3000
5	22287453	3000
5	22818568	3000
5	23282286	3000
5	23710267	3000
5	24161625	3000
5	24629716	3000
5	25174556	3000
5	25648246	3000
5	26048709	3000
5	26492793	3000
5	26908742	3000
5	27473425	3000
5	27961134	3000
5	28489181	3000
5	28984380	3000
5	29378393	3000
5	29710439	3000
5	30050230	3000
5	30511122	3000
5	30932886	3000
5	31426763	3000
5	31863314	3000
5	32366427	3000
5	32841960	3000
5	33324387	3000
5	33860158	3000
5	34448510	3000
5	34857488	3000
5	35363807	3000
5	35859591	3000
5	36399224	3000
5	36921223	3000
5	37600386	3000
5	38041266	3000
5	38563333	3000
5	39053748	3000
5	39537178	3000
5	39968806	3000
5	40380954	3000
5	40907734	3000
5	41378641	3000
5	41868944	3000
5	42379152	3000
5	42920320	3000
5	43374508	3000
5	43882977	3000
5	44250515	3000
5	44775504	3000
5	45412455	3000
5	45928060	3000
5	46235360	3000
5	50154050	3000
5	50484965	3000
5	51005218	3000
5	51529770	3000
5	52052383	3000
5	52511820	3000
5	52967941	3000
5	53406041	3000
5	53884467	3000
5	54356882	3000
5	54757085	3000
5	55302860	3000
5	55798019	3000
5	56324801	3000
5	56746522	3000
5	57279614	3000
5	57791785	3000
5	58220443	3000
5	58677325	3000
5	59168923	3000
5	59701182	3000
5	60317109	3000
5	60883421	3000
5	61486174	3000
5	62022189	3000
5	62655397	3000
5	63119913	3000
5	63563712	3000
5	64081082	3000
5	64634346	3000
5	65220581	3000
5	65779009	3000
5	66347185	3000
5	66755794	3000
5	67252435	3000
5	67706934	3000
5	68130319	3000
5	68669261	3000
5	69227689	3000
5	71613415	3000
5	72103864	3000
5	72765542	3000
5	73363346	3000
5	73900292	3000
5	74298566	3000
5	74790545	3000
5	75325619	3000
5	75869147	3000
5	76277729	3000
5	76769789	3000
5	77314270	3000
5	77782948	3000
5	78289704	3000
5	78806825	3000
5	79325874	3000
5	79863567	3000
5	80324514	3000
5	80833677	3000
5	81349317	3000
5	81922394	3000
5	82483031	3000
5	82963236	3000
5	83561741	3000
5	84066200	3000
5	84719932	3000
5	85155668	3000
5	85587616	3000
5	86004476	3000
5	86471283	3000
5	87024175	3000
5	87587532	3000
5	88106905	3000
5	88747839	3000
5	89479312	3000
5	90077738	3000
5	90679261	3000
5	91238003	3000
5	91827984	3000
5	92432034	3000
5	93059582	3000
5	93741050	3000
5	94515478	3000
5	95088913	3000
5	95658092	3000
5	96229949	3000
5	96771318	3000
5	97233004	3000
5	97647517	3000
5	98002687	3000
5	98484299	3000
5	99023148	3000
5	99515445	3000
5	99962481	3000
5	100540741	3000
5	101082530	3000
5	101491707	3000
5	101929966	3000
5	102360406	3000
5	102782303	3000
5	103399775	3000
5	103928091	3000
5	104413536	3000
5	104898676	3000
5	105433194	3000
5	105977578	3000
5	106604985	3000
5	107038309	3000
5	107560783	3000
5	108051062	3000
5	108584689	3000
5	109033554	3000
5	109444485	3000
5	109884463	3000
5	110282541	3000
5	110791498	3000
5	111312400	3000
5	111758897	3000
5	112202905	3000
5	112596174	3000
5	113008425	3000
5	113425417	3000
5	113816670	3000
5	114260423	3000
5	114680461	3000
5	115080126	3000
5	115615383	3000
5	116020398	3000
5	116322214	3000
5	116706120	3000
5	117121881	3000
5	117510681	3000
5	117933218	3000
5	118325962	3000
5	118664367	3000
5	119175560	3000
5	119661405	3000
5	120144673	3000
5	120543789	3000
5	120945974	3000
5	121340197	3000
5	121706931	3000
5	122164159	3000
5	122720235	3000
5	123172918	3000
5	123697443	3000
5	124217833	3000
5	124649183	3000
5	125147480	3000
5	125573117	3000
5	125989931	3000
5	126437639	3000
5	126909483	3000
5	127434515	3000
5	128012500	3000
5	128595179	3000
5	129015648	3000
5	129423718	3000
5	129998248	3000
5	130607626	3000
5	131143804	3000
5	131811670	3000
5	132391341	3000
5	133018486	3000
5	133541545	3000
5	134022677	3000
5	134634509	3000
5	135262687	3000
5	135774824	3000
5	136247044	3000
5	136785717	3000
5	137326997	3000
5	137976810	3000
5	138631399	3000
5	139366928	3000
5	140074871	3000
5	140810216	3000
5	141351455	3000
5	141884454	3000
5	142397534	3000
5	142884008	3000
5	143469414	3000
5	143945543	3000
5	144524080	3000
5	144999946	3000
5	145526707	3000
5	146106513	3000
5	146659041	3000
5	147223515	3000
5	147736654	3000
5	148196713	3000
5	148711314	3000
5	149209283	3000
5	149721449	3000
5	150239936	3000
5	150785048	3000
5	151239469	3000
5	151688276	3000
5	152240969	3000
5	152692683	3000
5	153215888	3000
5	153664880	3000
5	154148328	3000
5	154648570	3000
5	155176482	3000
5	155623818	3000
5	156127387	3000
5	156607452	3000
5	157120831	3000
5	157604559	3000
5	158080234	3000
5	158598947	3000
5	159196873	3000
5	159701060	3000
5	160216858	3000
5	160743139	3000
5	161186187	3000
5	161703525	3000
5	162255488	3000
5	162733652	3000
5	163235588	3000
5	163732150	3000
5	164192168	3000
5	164800899	3000
5	165247143	3000
5	165739841	3000
5	166274465	3000
5	166773179	3000
5	167317521	3000
5	167880539	3000
5	168422286	3000
5	168897895	3000
5	169346212	3000
5	169831658	3000
5	170271832	3000
5	170728022	3000
5	171301569	3000
5	171812615	3000
5	172337615	3000
5	172810634	3000
5	173321568	3000
5	173776220	3000
5	174248097	3000
5	174683899	3000
5	175150493	3000
5	175560523	3000
5	176202901	3000
5	176746182	3000
5	177310990	3000
5	177992355	3000
5	178424848	3000
5	178821778	3000
5	179187206	3000
5	179554840	3000
5	180042773	3000
5	180410189	3000
5	180783272	3000
5	181230117	496
6	0	3000
6	570289	3000
6	988225	3000
6	1416541	3000
6	1851850	3000
6	2380017	3000
6	2815043	3000
6	3243467	3000
6	3656940	3000
6	4070510	3000
6	4484239	3000
6	4973252	3000
6	5413094	3000
6	5891845	3000
6	6294642	3000
6	6683007	3000
6	7051169	3000
6	7486008	3000
6	7937542	3000
6	8392049	3000
6	8858586	3000
6	9327629	3000
6	9817261	3000
6	10262354	3000
6	10700788	3000
6	11179934	3000
6	11606233	3000
6	12029691	3000
6	12530587	3000
6	13122106	3000
6	13630800	3000
6	14133112	3000
6	14664108	3000
6	15165960	3000
6	15673858	3000
6	16096860	3000
6	16591136	3000
6	17096671	3000
6	17628251	3000
6	18070598	3000
6	18482998	3000
6	18922128	3000
6	19383888	3000
6	19820900	3000
6	20282154	3000
6	20768148	3000
6	21312079	3000
6	21889502	3000
6	22349264	3000
6	22759037	3000
6	23244136	3000
6	23674522	3000
6	23978516	3000
6	24395160	3000
6	24779787	3000
6	25209489	3000
6	25642916	3000
6	26124148	3000
6	26568102	3000
6	27279952	3000
6	27804879	3000
6	28347765	3000
6	28814383	3000
6	29236995	3000
6	29645441	3000
6	29812075	3000
6	29949483	3000
6	30065140	3000
6	30399133	3000
6	30762670	3000
6	31037362	3000
6	31222331	3000
6	31306803	3000
6	31382761	3000
6	31571658	3000
6	32146713	3000
6	32399945	3000
6	32603518	3000
6	32668666	3000
6	32739177	3000
6	32980510	3000
6	33146870	3000
6	33619627	3000
6	33984573	3000
6	34360871	3000
6	34845818	3000
6	35395959	3000
6	35927393	3000
6	36526451	3000
6	36982709	3000
6	37537295	3000
6	38006831	3000
6	38526286	3000
6	39014468	3000
6	39454973	3000
6	39963566	3000
6	40418482	3000
6	40821123	3000
6	41315206	3000
6	41768999	3000
6	42288510	3000
6	42905464	3000
6	43514279	3000
6	44047355	3000
6	44558703	3000
6	45035795	3000
6	45557281	3000
6	46018636	3000
6	46617356	3000
6	47129784	3000
6	47654657	3000
6	48154055	3000
6	48670361	3000
6	49214080	3000
6	49745844	3000
6	50276252	3000
6	50795857	3000
6	51301932	3000
6	51795462	3000
6	52297019	3000
6	52769525	3000
6	53254318	3000
6	53729089	3000
6	54297611	3000
6	54738373	3000
6	55171588	3000
6	55569984	3000
6	56032466	3000
6	56491520	3000
6	57236407	3000
6	57907115	3000
6	58397344	3000
6	60610167	3000
6	61023237	3000
6	61291122	3000
6	61702727	3000
6	62269033	3000
6	62704071	3000
6	63143087	3000
6	63702299	3000
6	64303658	3000
6	64715835	3000
6	65194661	3000
6	65633723	3000
6	66006265	3000
6	66421430	3000
6	66778546	3000
6	67123659	3000
6	67494867	3000
6	67950234	3000
6	68353071	3000
6	68814384	3000
6	69318011	3000
6	69728044	3000
6	70248069	3000
6	70706167	3000
6	71149186	3000
6	71589251	3000
6	72075438	3000
6	72579548	3000
6	73150191	3000
6	73631010	3000
6	74065242	3000
6	74499002	3000
6	74944785	3000
6	75569571	3000
6	76131617	3000
6	76577153	3000
6	77030962	3000
6	77516602	3000
6	77932421	3000
6	78449436	3000
6	78829915	3000
6	79424992	3000
6	79888770	3000
6	80382328	3000
6	80763467	3000
6	81117730	3000
6	81552712	3000
6	82100746	3000
6	82576362	3000
6	83085778	3000
6	83662135	3000
6	84310594	3000
6	84776422	3000
6	85195103	3000
6	85645309	3000
6	86123515	3000
6	86500881	3000
6	86904206	3000
6	87416240	3000
6	87961483	3000
6	88420981	3000
6	88982242	3000
6	89463157	3000
6	90052962	3000
6	90582163	3000
6	91065278	3000
6	91575880	3000
6	92063760	3000
6	92521347	3000
6	92926022	3000
6	93356388	3000
6	93935945	3000
6	94386330	3000
6	94841859	3000
6	95393240	3000
6	95854337	3000
6	96241621	3000
6	96715311	3000
6	97248780	3000
6	97863119	3000
6	98459777	3000
6	99025808	3000
6	99533077	3000
6	100020354	3000
6	100613874	3000
6	101094587	3000
6	101555613	3000
6	102025787	3000
6	102533835	3000
6	103032876	3000
6	103474747	3000
6	103834023	3000
6	104303613	3000
6	104867959	3000
6	105436509	3000
6	105932807	3000
6	106449652	3000
6	106864051	3000
6	107385054	3000
6	107878642	3000
6	108483617	3000
6	109038826	3000
6	109557778	3000
6	110072930	3000
6	110582833	3000
6	111086266	3000
6	111696068	3000
6	112238275	3000
6	112860605	3000
6	113405084	3000
6	113978637	3000
6	114639291	3000
6	115076952	3000
6	115545991	3000
6	116095434	3000
6	116657028	3000
6	117169176	3000
6	117653602	3000
6	118211386	3000
6	118757104	3000
6	119257711	3000
6	119736815	3000
6	120180239	3000
6	120643284	3000
6	121089568	3000
6	121565876	3000
6	122092632	3000
6	122613773	3000
6	123090068	3000
6	123584980	3000
6	124054539	3000
6	124541565	3000
6	125072738	3000
6	125611734	3000
6	126297100	3000
6	126997755	3000
6	127575379	3000
6	128178112	3000
6	128733550	3000
6	129290130	3000
6	129802013	3000
6	130264513	3000
6	130694241	3000
6	131187897	3000
6	131653843	3000
6	132228742	3000
6	132705123	3000
6	133177116	3000
6	133700312	3000
6	134246359	3000
6	134752764	3000
6	135385933	3000
6	135935919	3000
6	136600639	3000
6	137171950	3000
6	137639194	3000
6	138126783	3000
6	138650229	3000
6	139148589	3000
6	139648502	3000
6	140241521	3000
6	140906522	3000
6	141458163	3000
6	142017506	3000
6	142616780	3000
6	143222117	3000
6	143730664	3000
6	144274177	3000
6	144837466	3000
6	145269972	3000
6	145761080	3000
6	146366955	3000
6	146926652	3000
6	147558573	3000
6	147971801	3000
6	148418698	3000
6	148880906	3000
6	149363979	3000
6	149964166	3000
6	150361298	3000
6	150792693	3000
6	151224926	3000
6	151661111	3000
6	152139216	3000
6	152649642	3000
6	153129495	3000
6	153617875	3000
6	154006133	3000
6	154484559	3000
6	155001277	3000
6	155435303	3000
6	155913807	3000
6	156407559	3000
6	156965488	3000
6	157519356	3000
6	157951898	3000
6	158420387	3000
6	158856645	3000
6	159290458	3000
6	159754304	3000
6	160264001	3000
6	160769654	3000
6	161219786	3000
6	161634659	3000
6	162077861	3000
6	162496911	3000
6	162964030	3000
6	163401843	3000
6	163898462	3000
6	164342915	3000
6	164769870	3000
6	165146843	3000
6	165596125	3000
6	166025150	3000
6	166455392	3000
6	166865566	3000
6	167266710	3000
6	167697092	3000
6	168098679	3000
6	168465399	3000
6	168859507	3000
6	169226100	3000
6	169692988	3000
6	170093360	3000
6	170473308	862
7	0	3000
7	294616	3000
7	601112	3000
7	932712	3000
7	1268265	3000
7	1662808	3000
7	2016837	3000
7	2418972	3000
7	2775897	3000
7	3132119	3000
7	3449902	3000
7	3820280	3000
7	4194322	3000
7	4516468	3000
7	4923578	3000
7	5275329	3000
7	5640723	3000
7	6064921	3000
7	6478177	3000
7	6903587	3000
7	7192220	3000
7	7578357	3000
7	7968245	3000
7	8370261	3000
7	8750540	3000
7	9068749	3000
7	9439661	3000
7	9792192	3000
7	10156467	3000
7	10522684	3000
7	10945706	3000
7	11377752	3000
7	11774853	3000
7	12135952	3000
7	12453075	3000
7	12807014	3000
7	13166325	3000
7	13498191	3000
7	13868678	3000
7	14268877	3000
7	14708859	3000
7	15108836	3000
7	15539248	3000
7	15986742	3000
7	16437485	3000
7	16844312	3000
7	17276021	3000
7	17692982	3000
7	18186005	3000
7	18765705	3000
7	19200709	3000
7	19574650	3000
7	19909699	3000
7	20290099	3000
7	20738200	3000
7	21240024	3000
7	21630663	3000
7	22003969	3000
7	22457439	3000
7	22935710	3000
7	23451694	3000
7	23940477	3000
7	24360185	3000
7	24844304	3000
7	25304402	3000
7	25747546	3000
7	26286788	3000
7	26766065	3000
7	27332669	3000
7	27860380	3000
7	28360949	3000
7	28853499	3000
7	29310391	3000
7	29749009	3000
7	30282725	3000
7	30838625	3000
7	31320006	3000
7	31791367	3000
7	32252960	3000
7	32679806	3000
7	33152244	3000
7	33635809	3000
7	34151570	3000
7	34612957	3000
7	35058780	3000
7	35531957	3000
7	36085371	3000
7	36571718	3000
7	37045019	3000
7	37507349	3000
7	37979580	3000
7	38417152	3000
7	38872268	3000
7	39400876	3000
7	39967037	3000
7	40656046	3000
7	41215149	3000
7	41711926	3000
7	42208375	3000
7	42644970	3000
7	43194561	3000
7	43733610	3000
7	44313905	3000
7	44954815	3000
7	45426605	3000
7	45926665	3000
7	46339331	3000
7	46811759	3000
7	47235489	3000
7	47736012	3000
7	48201449	3000
7	48659346	3000
7	49069982	3000
7	49504467	3000
7	49971633	3000
7	50494730	3000
7	50947884	3000
7	51468226	3000
7	51890159	3000
7	52276702	3000
7	52651237	3000
7	52970094	3000
7	53326153	3000
7	53776873	3000
7	54141213	3000
7	54522109	3000
7	54922072	3000
7	55391208	3000
7	55850065	3000
7	56338866	3000
7	56800076	3000
7	57328854	3000
7	57806670	3000
7	60941769	3000
7	61837756	3000
7	62336633	3000
7	62721124	3000
7	63118871	3000
7	63879106	3000
7	64291988	3000
7	64730165	3000
7	65281620	3000
7	65962584	3000
7	66537716	3000
7	67023454	3000
7	67401188	3000
7	67819668	3000
7	68225445	3000
7	68632730	3000
7	69048219	3000
7	69571311	3000
7	70294820	3000
7	70835910	3000
7	71285161	3000
7	71763877	3000
7	72228961	3000
7	72726771	3000
7	73561365	3000
7	74165427	3000
7	74867657	3000
7	75730465	3000
7	76234734	3000
7	76845274	3000
7	77419867	3000
7	77972655	3000
7	78395816	3000
7	78786740	3000
7	79295868	3000
7	79803112	3000
7	80339404	3000
7	80853842	3000
7	81286206	3000
7	81819389	3000
7	82304581	3000
7	82776215	3000
7	83303034	3000
7	83790190	3000
7	84253971	3000
7	84781293	3000
7	85369083	3000
7	85897421	3000
7	86407845	3000
7	86987659	3000
7	87527735	3000
7	88224406	3000
7	88793664	3000
7	89254106	3000
7	89740051	3000
7	90158892	3000
7	90651398	3000
7	91151004	3000
7	91708433	3000
7	92431791	3000
7	93068894	3000
7	93650963	3000
7	94231025	3000
7	94853670	3000
7	95462743	3000
7	95943803	3000
7	96572368	3000
7	97147036	3000
7	97638008	3000
7	98067935	3000
7	98604948	3000
7	99092769	3000
7	99715477	3000
7	100406920	3000
7	101038459	3000
7	101462532	3000
7	101907287	3000
7	102469233	3000
7	103263043	3000
7	103757088	3000
7	104208669	3000
7	104612189	3000
7	105140856	3000
7	105698690	3000
7	106203877	3000
7	106663318	3000
7	107181838	3000
7	107793470	3000
7	108308638	3000
7	108863717	3000
7	109384781	3000
7	109918237	3000
7	110368928	3000
7	110907354	3000
7	111588973	3000
7	112157367	3000
7	112702854	3000
7	113306774	3000
7	113826473	3000
7	114507603	3000
7	115118624	3000
7	115692287	3000
7	116253353	3000
7	116841511	3000
7	117588981	3000
7	118190303	3000
7	118700317	3000
7	119260347	3000
7	119875160	3000
7	120515840	3000
7	121097899	3000
7	121626933	3000
7	122191225	3000
7	122753776	3000
7	123314872	3000
7	123940263	3000
7	124411642	3000
7	124918763	3000
7	125437852	3000
7	125905430	3000
7	126379822	3000
7	126942791	3000
7	127486554	3000
7	128128872	3000
7	128630477	3000
7	129142800	3000
7	129718388	3000
7	130237434	3000
7	130808417	3000
7	131335198	3000
7	131877423	3000
7	132364675	3000
7	132901520	3000
7	133574919	3000
7	134208838	3000
7	134642240	3000
7	135170740	3000
7	135668421	3000
7	136117268	3000
7	136657463	3000
7	137158560	3000
7	137670353	3000
7	138233524	3000
7	138712198	3000
7	139239106	3000
7	139794566	3000
7	140307224	3000
7	140875604	3000
7	141454893	3000
7	142060943	3000
7	142551023	3000
7	143113990	3000
7	144021029	3000
7	144720463	3000
7	145201563	3000
7	145641937	3000
7	146133396	3000
7	146598384	3000
7	147059533	3000
7	147503373	3000
7	147910872	3000
7	148327110	3000
7	148834499	3000
7	149340125	3000
7	149802018	3000
7	150308511	3000
7	150751375	3000
7	151238366	3000
7	151726476	3000
7	152213826	3000
7	152738520	3000
7	153134802	3000
7	153538473	3000
7	153982628	3000
7	154432686	3000
7	154832282	3000
7	155232636	3000
7	155596117	3000
7	156005732	3000
7	156401586	3000
7	156865021	3000
7	157262713	3000
7	157654838	3000
7	158023771	3000
7	158411281	3000
7	158894132	2973
8	0	3000
8	488222	3000
8	814228	3000
8	1176184	3000
8	1413488	3000
8	1728710	3000
8	2028548	3000
8	2249590	3000
8	2695160	3000
8	3012161	3000
8	3258725	3000
8	3426641	3000
8	3601137	3000
8	3754265	3000
8	3928494	3000
8	4081418	3000
8	4254080	3000
8	4435222	3000
8	4672962	3000
8	4903192	3000
8	5121018	3000
8	5349075	3000
8	5584033	3000
8	5790769	3000
8	5993455	3000
8	6223273	3000
8	6434813	3000
8	6738752	3000
8	7043782	3000
8	7887619	3000
8	8550658	3000
8	8864916	3000
8	9221130	3000
8	9521638	3000
8	9871951	3000
8	10238502	3000
8	10560203	3000
8	10924580	3000
8	11310632	3000
8	11648722	3000
8	11951332	3000
8	12683590	3000
8	13003633	3000
8	13329853	3000
8	13633310	3000
8	13860127	3000
8	14113265	3000
8	14407232	3000
8	14666880	3000
8	14968324	3000
8	15297430	3000
8	15596785	3000
8	15918121	3000
8	16248424	3000
8	16647079	3000
8	16972788	3000
8	17359056	3000
8	17631806	3000
8	17926707	3000
8	18256317	3000
8	18571493	3000
8	18873310	3000
8	19228824	3000
8	19619639	3000
8	20007176	3000
8	20427214	3000
8	20797038	3000
8	21201302	3000
8	21586463	3000
8	22039457	3000
8	22522343	3000
8	23018472	3000
8	23404495	3000
8	23822444	3000
8	24353538	3000
8	24851118	3000
8	25372097	3000
8	25831613	3000
8	26274705	3000
8	26724232	3000
8	27079780	3000
8	27554177	3000
8	27977673	3000
8	28539138	3000
8	29162547	3000
8	29636367	3000
8	30153437	3000
8	30709376	3000
8	31278299	3000
8	31737424	3000
8	32232052	3000
8	32658621	3000
8	33357103	3000
8	33900722	3000
8	34406087	3000
8	34851129	3000
8	35393352	3000
8	36088624	3000
8	36838587	3000
8	37400528	3000
8	38083927	3000
8	38710801	3000
8	39351411	3000
8	40018855	3000
8	40441086	3000
8	40859036	3000
8	41334196	3000
8	41752573	3000
8	42375585	3000
8	42950964	3000
8	43443740	3000
8	43834493	3000
8	46183293	3000
8	46525841	3000
8	47022359	3000
8	47728153	3000
8	48380462	3000
8	48984084	3000
8	49459879	3000
8	49967515	3000
8	50434738	3000
8	50860367	3000
8	51326654	3000
8	51770372	3000
8	52231763	3000
8	52832405	3000
8	53223457	3000
8	53650848	3000
8	54259828	3000
8	54742328	3000
8	55244444	3000
8	55684564	3000
8	56217457	3000
8	56671643	3000
8	57138969	3000
8	57510330	3000
8	57998224	3000
8	58465605	3000
8	58969862	3000
8	59472392	3000
8	59966511	3000
8	60465863	3000
8	61045070	3000
8	61530591	3000
8	62012335	3000
8	62490812	3000
8	62994086	3000
8	63548677	3000
8	64181313	3000
8	64808177	3000
8	65352927	3000
8	65860942	3000
8	66359616	3000
8	67062483	3000
8	67696233	3000
8	68173466	3000
8	68710338	3000
8	69181979	3000
8	69712755	3000
8	70249127	3000
8	70831568	3000
8	71376540	3000
8	71847335	3000
8	72297350	3000
8	72831547	3000
8	73331749	3000
8	73883857	3000
8	74369114	3000
8	74928237	3000
8	75396715	3000
8	75837082	3000
8	76381807	3000
8	76961355	3000
8	77476514	3000
8	77946191	3000
8	78426178	3000
8	78944705	3000
8	79421386	3000
8	80015235	3000
8	80546745	3000
8	81162940	3000
8	81689611	3000
8	82221458	3000
8	82703008	3000
8	83199236	3000
8	83625657	3000
8	84031251	3000
8	84532217	3000
8	85075936	3000
8	85957648	3000
8	86482511	3000
8	86957406	3000
8	87420193	3000
8	87954083	3000
8	88464690	3000
8	88936040	3000
8	89401252	3000
8	89949284	3000
8	90489223	3000
8	91145142	3000
8	91808728	3000
8	92413019	3000
8	93041075	3000
8	93612505	3000
8	94154502	3000
8	94672143	3000
8	95204815	3000
8	95641907	3000
8	96156199	3000
8	96727638	3000
8	97380075	3000
8	97929529	3000
8	98488746	3000
8	99208565	3000
8	99885805	3000
8	100527532	3000
8	101050430	3000
8	101584122	3000
8	102041382	3000
8	102530310	3000
8	103029427	3000
8	103541180	3000
8	104034292	3000
8	104532632	3000
8	105093415	3000
8	105675407	3000
8	106238056	3000
8	106805259	3000
8	107259208	3000
8	107730999	3000
8	108221607	3000
8	108719086	3000
8	109250597	3000
8	109800183	3000
8	110458610	3000
8	111089676	3000
8	111755054	3000
8	112344322	3000
8	112910481	3000
8	113477067	3000
8	113908437	3000
8	114275362	3000
8	114758577	3000
8	115235387	3000
8	115851884	3000
8	116515321	3000
8	117090516	3000
8	117614106	3000
8	118180031	3000
8	118666863	3000
8	119150991	3000
8	119606272	3000
8	120117757	3000
8	120717888	3000
8	121208007	3000
8	121676255	3000
8	122238972	3000
8	122756837	3000
8	123318686	3000
8	123830085	3000
8	124355848	3000
8	124807547	3000
8	125356998	3000
8	125887069	3000
8	126368071	3000
8	126852389	3000
8	127311826	3000
8	127738294	3000
8	128217998	3000
8	128702665	3000
8	129174364	3000
8	129687922	3000
8	130232382	3000
8	130665977	3000
8	131110018	3000
8	131531507	3000
8	131902867	3000
8	132356510	3000
8	132888250	3000
8	133349061	3000
8	133774275	3000
8	134181757	3000
8	134614675	3000
8	135073062	3000
8	135586155	3000
8	136025801	3000
8	136450476	3000
8	136926213	3000
8	137395479	3000
8	137827634	3000
8	138230640	3000
8	138698200	3000
8	139112791	3000
8	139523916	3000
8	139967760	3000
8	140438240	3000
8	141002860	3000
8	141435348	3000
8	141815968	3000
8	142213741	3000
8	142630879	3000
8	143050370	3000
8	143499212	3000
8	143957800	3000
8	144518490	3000
8	145041774	216
9	0	3000
9	432649	3000
9	746755	3000
9	1046946	3000
9	1416344	3000
9	1729833	3000
9	2103229	3000
9	2433555	3000
9	2808359	3000
9	3224787	3000
9	3723356	3000
9	4129719	3000
9	4447870	3000
9	4830849	3000
9	5285297	3000
9	5750198	3000
9	6241359	3000
9	6679586	3000
9	7041351	3000
9	7377490	3000
9	7742776	3000
9	8145741	3000
9	8463681	3000
9	8822941	3000
9	9164850	3000
9	9528561	3000
9	9899047	3000
9	10241268	3000
9	10597995	3000
9	10980173	3000
9	11326312	3000
9	11682152	3000
9	12011472	3000
9	12385585	3000
9	12804960	3000
9	13273567	3000
9	13707213	3000
9	14039665	3000
9	14499406	3000
9	14877679	3000
9	15272113	3000
9	15683177	3000
9	16133599	3000
9	16566971	3000
9	16966535	3000
9	17342742	3000
9	17728956	3000
9	18155226	3000
9	18597015	3000
9	18970363	3000
9	19407991	3000
9	19884366	3000
9	20284948	3000
9	20822667	3000
9	21269473	3000
9	21710216	3000
9	22181188	3000
9	22677223	3000
9	23082142	3000
9	23480754	3000
9	23915243	3000
9	24400201	3000
9	24837094	3000
9	25205018	3000
9	25626305	3000
9	26063406	3000
9	26563973	3000
9	27028804	3000
9	27429469	3000
9	27896019	3000
9	28309519	3000
9	28716997	3000
9	29160483	3000
9	29575061	3000
9	29979127	3000
9	30450444	3000
9	30891769	3000
9	31252984	3000
9	31680288	3000
9	32080153	3000
9	32505913	3000
9	33020068	3000
9	33551760	3000
9	34051892	3000
9	34672272	3000
9	35261554	3000
9	35956430	3000
9	36538790	3000
9	37076621	3000
9	37675116	3000
9	38212173	3000
9	38685803	3000
9	40298446	3000
9	41715872	3000
9	42577649	3000
9	43165677	3000
9	63562120	3000
9	64355148	3000
9	65719252	3000
9	68310779	3000
9	68887617	3000
9	69364273	3000
9	69946659	3000
9	70499466	3000
9	71043401	3000
9	71555673	3000
9	72137664	3000
9	72717767	3000
9	73309983	3000
9	73900697	3000
9	74437494	3000
9	75055165	3000
9	75476669	3000
9	75929571	3000
9	76381752	3000
9	76852376	3000
9	77273230	3000
9	77759415	3000
9	78318110	3000
9	78827275	3000
9	79324407	3000
9	79849626	3000
9	80329675	3000
9	80676471	3000
9	81039396	3000
9	81543168	3000
9	82185327	3000
9	82786597	3000
9	83335471	3000
9	83847074	3000
9	84375985	3000
9	84830774	3000
9	85354218	3000
9	85932109	3000
9	86522121	3000
9	87002034	3000
9	87479336	3000
9	87900494	3000
9	88374047	3000
9	88873728	3000
9	89383300	3000
9	89773233	3000
9	90197093	3000
9	90624863	3000
9	91071778	3000
9	91551735	3000
9	91997868	3000
9	92544078	3000
9	93062918	3000
9	93523734	3000
9	93995941	3000
9	94527685	3000
9	95026414	3000
9	95642179	3000
9	96139596	3000
9	96733456	3000
9	97279701	3000
9	97873498	3000
9	98382026	3000
9	98872919	3000
9	99367452	3000
9	100109567	3000
9	100695002	3000
9	101193268	3000
9	101685910	3000
9	102125540	3000
9	102491537	3000
9	102877339	3000
9	103312515	3000
9	103720148	3000
9	104158321	3000
9	104637060	3000
9	105060167	3000
9	105570742	3000
9	106067365	3000
9	106602652	3000
9	107199027	3000
9	107651908	3000
9	108119764	3000
9	108556671	3000
9	108970058	3000
9	109479090	3000
9	109929767	3000
9	110398541	3000
9	110865252	3000
9	111330393	3000
9	111854835	3000
9	112325431	3000
9	112880606	3000
9	113357374	3000
9	113873041	3000
9	114331920	3000
9	114837461	3000
9	115321067	3000
9	115775809	3000
9	116352888	3000
9	116868089	3000
9	117359797	3000
9	117864321	3000
9	118393581	3000
9	118891624	3000
9	119461506	3000
9	120009185	3000
9	120746208	3000
9	121397677	3000
9	121925809	3000
9	122463079	3000
9	122956425	3000
9	123603289	3000
9	124135817	3000
9	124756855	3000
9	125403758	3000
9	125986231	3000
9	126454147	3000
9	126965714	3000
9	127625662	3000
9	128211863	3000
9	128824961	3000
9	129379378	3000
9	129839624	3000
9	130288831	3000
9	130751296	3000
9	131248142	3000
9	131743930	3000
9	132303815	3000
9	132835238	3000
9	133283667	3000
9	133666421	3000
9	134019389	3000
9	134391193	3000
9	134784955	3000
9	135152708	3000
9	135536966	3000
9	135947492	3000
9	136298344	3000
9	136711544	3000
9	137154238	3000
9	137675186	3000
9	138208782	51
10	0	3000
10	550999	3000
10	973610	3000
10	1385515	3000
10	1751936	3000
10	2096327	3000
10	2456191	3000
10	2842194	3000
10	3160791	3000
10	3606014	3000
10	3984440	3000
10	4446404	3000
10	4847994	3000
10	5171605	3000
10	5549131	3000
10	5945957	3000
10	6319250	3000
10	6755973	3000
10	7108559	3000
10	7527882	3000
10	7935148	3000
10	8350875	3000
10	8774820	3000
10	9269704	3000
10	9823782	3000
10	10223185	3000
10	10666198	3000
10	11093434	3000
10	11522313	3000
10	11953404	3000
10	12381169	3000
10	12791596	3000
10	13194056	3000
10	13650585	3000
10	14026501	3000
10	14428319	3000
10	14899187	3000
10	15330933	3000
10	15796890	3000
10	16313156	3000
10	16762781	3000
10	17172212	3000
10	17557822	3000
10	17954501	3000
10	18348934	3000
10	18743061	3000
10	19159039	3000
10	19509397	3000
10	19963286	3000
10	20376766	3000
10	20784337	3000
10	21308494	3000
10	22040122	3000
10	22681836	3000
10	23262494	3000
10	23776068	3000
10	24313453	3000
10	24828722	3000
10	25349904	3000
10	25729000	3000
10	26116142	3000
10	26605124	3000
10	27009733	3000
10	27398088	3000
10	27901340	3000
10	28345980	3000
10	28826091	3000
10	29233720	3000
10	29620486	3000
10	30074425	3000
10	30567924	3000
10	30997628	3000
10	31640082	3000
10	32172864	3000
10	32639157	3000
10	33097018	3000
10	33556659	3000
10	34015802	3000
10	34542501	3000
10	35136490	3000
10	35784391	3000
10	36230944	3000
10	36750402	3000
10	37238590	3000
10	37715226	3000
10	38165619	3000
10	38658082	3000
10	38993273	3000
10	39233406	3000
10	39501995	3000
10	41818708	3000
10	42393006	3000
10	42846116	3000
10	43259531	3000
10	43735894	3000
10	44131418	3000
10	44503344	3000
10	44950600	3000
10	45389069	3000
10	45950442	3000
10	46776142	3000
10	47415967	3000
10	48509256	3000
10	49001005	3000
10	49445762	3000
10	50025364	3000
10	50575908	3000
10	51123950	3000
10	51622582	3000
10	52063024	3000
10	52596074	3000
10	53034093	3000
10	53487317	3000
10	53883752	3000
10	54270556	3000
10	54707152	3000
10	55155089	3000
10	55688629	3000
10	56111816	3000
10	56604654	3000
10	56937642	3000
10	57301909	3000
10	57714994	3000
10	58136155	3000
10	58657309	3000
10	59292010	3000
10	59805896	3000
10	60274739	3000
10	60740132	3000
10	61259139	3000
10	61714920	3000
10	62252854	3000
10	62748250	3000
10	63276204	3000
10	63842451	3000
10	64422571	3000
10	64934789	3000
10	65334124	3000
10	65740702	3000
10	66158539	3000
10	66519381	3000
10	66928635	3000
10	67489940	3000
10	68021439	3000
10	68516606	3000
10	69078224	3000
10	69544167	3000
10	69938548	3000
10	70420264	3000
10	70838089	3000
10	71265887	3000
10	71695224	3000
10	72202666	3000
10	72952866	3000
10	73539873	3000
10	74218493	3000
10	74886046	3000
10	75556630	3000
10	76164125	3000
10	76707060	3000
10	77246160	3000
10	77763543	3000
10	78315687	3000
10	78782081	3000
10	79258672	3000
10	79663949	3000
10	80100568	3000
10	80544406	3000
10	80988640	3000
10	81460645	3000
10	81913177	3000
10	82394799	3000
10	82967867	3000
10	83437550	3000
10	83838680	3000
10	84301308	3000
10	84778321	3000
10	85223829	3000
10	85628255	3000
10	86143361	3000
10	86613065	3000
10	87102127	3000
10	87761778	3000
10	88323576	3000
10	88843294	3000
10	89321144	3000
10	89773138	3000
10	90214063	3000
10	90674168	3000
10	91139029	3000
10	91731379	3000
10	92419271	3000
10	93012124	3000
10	93449090	3000
10	93902651	3000
10	94547286	3000
10	94986438	3000
10	95444377	3000
10	95939483	3000
10	96452248	3000
10	97039731	3000
10	97570777	3000
10	98150399	3000
10	98638372	3000
10	99187639	3000
10	99752337	3000
10	100309264	3000
10	100895556	3000
10	101484158	3000
10	102261328	3000
10	102927097	3000
10	103565147	3000
10	104161266	3000
10	104741890	3000
10	105193244	3000
10	105737642	3000
10	106211179	3000
10	106634222	3000
10	107114495	3000
10	107596715	3000
10	107994244	3000
10	108410292	3000
10	108833022	3000
10	109283213	3000
10	109773408	3000
10	110348189	3000
10	110813115	3000
10	111356460	3000
10	111761358	3000
10	112292818	3000
10	112877786	3000
10	113450166	3000
10	113970222	3000
10	114516806	3000
10	115081785	3000
10	115704811	3000
10	116283558	3000
10	116791841	3000
10	117432807	3000
10	117898907	3000
10	118479972	3000
10	118940685	3000
10	119453085	3000
10	119965584	3000
10	120481191	3000
10	120924619	3000
10	121381837	3000
10	121878112	3000
10	122310274	3000
10	122776205	3000
10	123319796	3000
10	123732949	3000
10	124164992	3000
10	124573230	3000
10	125064835	3000
10	125518118	3000
10	126061936	3000
10	126520104	3000
10	126948681	3000
10	127373759	3000
10	127721736	3000
10	128100734	3000
10	128531301	3000
10	128956971	3000
10	129401265	3000
10	129780384	3000
10	130253367	3000
10	130619250	3000
10	130946110	3000
10	131290483	3000
10	131646843	3000
10	132056548	3000
10	132391904	3000
10	132814800	3000
10	133165815	3000
10	133566733	591
11	0	3000
11	543132	3000
11	958288	3000
11	1349373	3000
11	1694282	3000
11	2224998	3000
11	2621432	3000
11	3067258	3000
11	3491005	3000
11	3891766	3000
11	4310728	3000
11	4587159	3000
11	4979426	3000
11	5333619	3000
11	5626608	3000
11	6000954	3000
11	6445925	3000
11	6917135	3000
11	7390421	3000
11	7764376	3000
11	8114825	3000
11	8540163	3000
11	9069697	3000
11	9649108	3000
11	10108816	3000
11	10521531	3000
11	11030018	3000
11	11391201	3000
11	11834374	3000
11	12265998	3000
11	12741354	3000
11	13187713	3000
11	13663108	3000
11	14177200	3000
11	14895581	3000
11	15434922	3000
11	16025744	3000
11	16682850	3000
11	17232012	3000
11	17737486	3000
11	18294363	3000
11	18817917	3000
11	19292824	3000
11	19801570	3000
11	20257712	3000
11	20693616	3000
11	21141075	3000
11	21581813	3000
11	21940066	3000
11	22400019	3000
11	22914177	3000
11	23274592	3000
11	23657982	3000
11	24074450	3000
11	24432452	3000
11	24823240	3000
11	25169661	3000
11	25553411	3000
11	25909019	3000
11	26236548	3000
11	26620237	3000
11	27130461	3000
11	27703968	3000
11	28389263	3000
11	28973595	3000
11	29550458	3000
11	30062717	3000
11	30641101	3000
11	31379851	3000
11	32046630	3000
11	32514402	3000
11	33055814	3000
11	33630756	3000
11	34148852	3000
11	34627759	3000
11	35090952	3000
11	35567054	3000
11	36104081	3000
11	36582183	3000
11	37077215	3000
11	37553893	3000
11	37939886	3000
11	38350254	3000
11	38817949	3000
11	39298153	3000
11	39804611	3000
11	40265517	3000
11	40707241	3000
11	41215242	3000
11	41692013	3000
11	42085305	3000
11	42498881	3000
11	42899087	3000
11	43261420	3000
11	43841780	3000
11	44318267	3000
11	44771844	3000
11	45293022	3000
11	45798951	3000
11	46527204	3000
11	47310277	3000
11	47903881	3000
11	48441626	3000
11	48773883	3000
11	49184773	3000
11	49747535	3000
11	50113826	3000
11	50502274	3000
11	50764781	3000
11	54714462	3000
11	54962058	3000
11	55234991	3000
11	55501170	3000
11	55889770	3000
11	56192628	3000
11	56650745	3000
11	57098359	3000
11	57745596	3000
11	58268647	3000
11	58777939	3000
11	59275354	3000
11	59809606	3000
11	60404125	3000
11	60920983	3000
11	61528880	3000
11	62103186	3000
11	62631154	3000
11	63190669	3000
11	63744020	3000
11	64380103	3000
11	65077966	3000
11	65785384	3000
11	66466473	3000
11	67254047	3000
11	67775873	3000
11	68269617	3000
11	68829464	3000
11	69300107	3000
11	69759270	3000
11	70116942	3000
11	70624884	3000
11	71231744	3000
11	71615402	3000
11	71993096	3000
11	72550538	3000
11	73202382	3000
11	73800748	3000
11	74349300	3000
11	74933722	3000
11	75543923	3000
11	76179651	3000
11	76689806	3000
11	77193900	3000
11	77801946	3000
11	78357255	3000
11	78976944	3000
11	79451424	3000
11	79928386	3000
11	80401641	3000
11	80858593	3000
11	81312392	3000
11	81727104	3000
11	82174181	3000
11	82654336	3000
11	83219585	3000
11	83777858	3000
11	84194938	3000
11	84775284	3000
11	85295563	3000
11	85884063	3000
11	86365225	3000
11	86794911	3000
11	87207635	3000
11	87618995	3000
11	88039561	3000
11	88476795	3000
11	88925352	3000
11	89481716	3000
11	90249665	3000
11	90724294	3000
11	91245540	3000
11	91706346	3000
11	92131682	3000
11	92703059	3000
11	93262268	3000
11	93828859	3000
11	94316914	3000
11	94815118	3000
11	95376283	3000
11	95889036	3000
11	96379150	3000
11	96819556	3000
11	97275999	3000
11	97758107	3000
11	98180243	3000
11	98556923	3000
11	98947082	3000
11	99338128	3000
11	99709943	3000
11	100041360	3000
11	100525230	3000
11	100949031	3000
11	101406338	3000
11	101825787	3000
11	102395914	3000
11	102802860	3000
11	103325391	3000
11	103673125	3000
11	104156249	3000
11	104762154	3000
11	105308092	3000
11	105879983	3000
11	106470348	3000
11	107001587	3000
11	107451368	3000
11	107963382	3000
11	108588166	3000
11	109139834	3000
11	109735614	3000
11	110375306	3000
11	110885485	3000
11	111408176	3000
11	112115014	3000
11	112686600	3000
11	113145384	3000
11	113677952	3000
11	114221860	3000
11	114733255	3000
11	115273734	3000
11	115872395	3000
11	116348209	3000
11	116774559	3000
11	117270087	3000
11	117743479	3000
11	118180064	3000
11	118780765	3000
11	119368835	3000
11	119872459	3000
11	120302534	3000
11	120811132	3000
11	121376283	3000
11	121958468	3000
11	122568183	3000
11	123052192	3000
11	123491882	3000
11	123949929	3000
11	124360893	3000
11	124899866	3000
11	125379368	3000
11	125892726	3000
11	126389335	3000
11	126847875	3000
11	127306539	3000
11	127822922	3000
11	128248292	3000
11	128777482	3000
11	129292816	3000
11	129779871	3000
11	130243332	3000
11	130690841	3000
11	131147383	3000
11	131592265	3000
11	132088161	3000
11	132550063	3000
11	132971834	3000
11	133435519	3000
11	133919761	3000
11	134405742	3000
11	134764657	2662
12	0	3000
12	472385	3000
12	949961	3000
12	1432022	3000
12	1852170	3000
12	2329883	3000
12	2855569	3000
12	3248972	3000
12	3731678	3000
12	4214052	3000
12	4758204	3000
12	5235076	3000
12	5727039	3000
12	6189897	3000
12	6719573	3000
12	7277346	3000
12	7760023	3000
12	8244942	3000
12	8706300	3000
12	9247821	3000
12	9765609	3000
12	10210560	3000
12	10681701	3000
12	11132390	3000
12	11583963	3000
12	12061361	3000
12	12551377	3000
12	13076372	3000
12	13586989	3000
12	14083245	3000
12	14592373	3000
12	15088550	3000
12	15740517	3000
12	16361458	3000
12	17009586	3000
12	17552859	3000
12	17911791	3000
12	18401551	3000
12	18892628	3000
12	19404446	3000
12	19778320	3000
12	20181492	3000
12	20658861	3000
12	21014929	3000
12	21446071	3000
12	21943574	3000
12	22524723	3000
12	23094159	3000
12	23644188	3000
12	24167561	3000
12	24683993	3000
12	25135996	3000
12	25562189	3000
12	26039919	3000
12	26522252	3000
12	27061796	3000
12	27585783	3000
12	28098557	3000
12	28658538	3000
12	29094755	3000
12	29560296	3000
12	29991267	3000
12	30328868	3000
12	30715294	3000
12	31163455	3000
12	31634500	3000
12	32023310	3000
12	32440123	3000
12	32898849	3000
12	33281413	3000
12	33776467	3000
12	34195960	3000
12	34558823	3000
12	37324029	3000
12	37656631	3000
12	37911570	3000
12	38234345	3000
12	38656600	3000
12	39146079	3000
12	39731442	3000
12	40279737	3000
12	40684919	3000
12	41169614	3000
12	41618427	3000
12	42044196	3000
12	42601916	3000
12	43055534	3000
12	43540476	3000
12	44024695	3000
12	44574210	3000
12	45103916	3000
12	45652704	3000
12	46288019	3000
12	46847801	3000
12	47311655	3000
12	47744248	3000
12	48220784	3000
12	48682101	3000
12	49315415	3000
12	49912711	3000
12	50614418	3000
12	51222827	3000
12	51825294	3000
12	52300749	3000
12	52679193	3000
12	53132108	3000
12	53811534	3000
12	54451559	3000
12	54910554	3000
12	55350926	3000
12	55813733	3000
12	56573324	3000
12	57235825	3000
12	57924222	3000
12	58437408	3000
12	58921045	3000
12	59491333	3000
12	60026985	3000
12	60545765	3000
12	61037027	3000
12	61404141	3000
12	61957097	3000
12	62490772	3000
12	63000530	3000
12	63468422	3000
12	63899602	3000
12	64569745	3000
12	65235765	3000
12	65826159	3000
12	66447375	3000
12	66896328	3000
12	67393589	3000
12	67901898	3000
12	68403386	3000
12	68968963	3000
12	69432762	3000
12	69933490	3000
12	70381813	3000
12	70835020	3000
12	71358910	3000
12	71903269	3000
12	72507440	3000
12	73001927	3000
12	73511898	3000
12	74062870	3000
12	74563540	3000
12	75091809	3000
12	75667776	3000
12	76172804	3000
12	76732978	3000
12	77213010	3000
12	77665634	3000
12	78169881	3000
12	78654128	3000
12	79253722	3000
12	79915035	3000
12	80476312	3000
12	81004881	3000
12	81504652	3000
12	82012948	3000
12	82510715	3000
12	83055896	3000
12	83481598	3000
12	83876108	3000
12	84372431	3000
12	84859827	3000
12	85518191	3000
12	85955685	3000
12	86477010	3000
12	86974984	3000
12	87432741	3000
12	87975847	3000
12	88662919	3000
12	89305145	3000
12	89999764	3000
12	90597263	3000
12	91134675	3000
12	91714223	3000
12	92236895	3000
12	92804397	3000
12	93367689	3000
12	93916704	3000
12	94384805	3000
12	94826797	3000
12	95322016	3000
12	95763627	3000
12	96212577	3000
12	96684971	3000
12	97193320	3000
12	97688575	3000
12	98210356	3000
12	98771646	3000
12	99363088	3000
12	99907302	3000
12	100462250	3000
12	100986354	3000
12	101492727	3000
12	101933391	3000
12	102515601	3000
12	103011000	3000
12	103542625	3000
12	103966409	3000
12	104461825	3000
12	104940090	3000
12	105397889	3000
12	105901120	3000
12	106418632	3000
12	107040336	3000
12	107572958	3000
12	108036553	3000
12	108509592	3000
12	109041506	3000
12	109563390	3000
12	110093850	3000
12	110743301	3000
12	111445343	3000
12	112253195	3000
12	112965879	3000
12	113511806	3000
12	113940394	3000
12	114368645	3000
12	114801555	3000
12	115240959	3000
12	115689634	3000
12	116229017	3000
12	116705237	3000
12	117209896	3000
12	117727236	3000
12	118231102	3000
12	118760721	3000
12	119253366	3000
12	119850754	3000
12	120455937	3000
12	120958003	3000
12	121438582	3000
12	122005730	3000
12	122625875	3000
12	123282809	3000
12	123806623	3000
12	124333797	3000
12	124761376	3000
12	125212176	3000
12	125704334	3000
12	126112319	3000
12	126609818	3000
12	127023345	3000
12	127449980	3000
12	127916985	3000
12	128290378	3000
12	128725584	3000
12	129118926	3000
12	129521633	3000
12	129959583	3000
12	130340134	3000
12	130723403	3000
12	131123626	3000
12	131520676	3000
12	131962305	3000
12	132402892	3000
12	132771886	3000
12	133223281	281
13	0	3000
13	18534413	3000
13	18935291	3000
13	19210946	3000
13	19588785	3000
13	20134750	3000
13	20531418	3000
13	21019912	3000
13	21466751	3000
13	21940133	3000
13	22359712	3000
13	22794695	3000
13	23130049	3000
13	23488638	3000
13	23931098	3000
13	24310406	3000
13	24666581	3000
13	25065194	3000
13	25565608	3000
13	26031570	3000
13	26478085	3000
13	26907929	3000
13	27374395	3000
13	27813037	3000
13	28339580	3000
13	28889143	3000
13	29343164	3000
13	29813494	3000
13	30214676	3000
13	30742176	3000
13	31232747	3000
13	31713520	3000
13	32249992	3000
13	32894318	3000
13	33384781	3000
13	33889601	3000
13	34417796	3000
13	34989567	3000
13	35577052	3000
13	36072949	3000
13	36587360	3000
13	37145199	3000
13	37583283	3000
13	38035436	3000
13	38563690	3000
13	39076849	3000
13	39527928	3000
13	40048571	3000
13	40532902	3000
13	41060737	3000
13	41631168	3000
13	42188180	3000
13	42685267	3000
13	43164131	3000
13	43724610	3000
13	44250018	3000
13	44854274	3000
13	45483374	3000
13	46027767	3000
13	46544328	3000
13	47065333	3000
13	47518333	3000
13	47948233	3000
13	48448287	3000
13	48946133	3000
13	49546318	3000
13	50043372	3000
13	50602574	3000
13	51143786	3000
13	51687322	3000
13	52282938	3000
13	52815207	3000
13	53335147	3000
13	53865212	3000
13	54388679	3000
13	54855829	3000
13	55318114	3000
13	55844534	3000
13	56459842	3000
13	57101369	3000
13	57723518	3000
13	58241059	3000
13	58783017	3000
13	59280516	3000
13	59737625	3000
13	60289548	3000
13	60754856	3000
13	61141465	3000
13	61544362	3000
13	61996997	3000
13	62390901	3000
13	62886947	3000
13	63388322	3000
13	63841016	3000
13	64281466	3000
13	64764251	3000
13	65341761	3000
13	65890297	3000
13	66392184	3000
13	66922388	3000
13	67427710	3000
13	67911933	3000
13	68476872	3000
13	68922033	3000
13	69302297	3000
13	69779328	3000
13	70170059	3000
13	70587418	3000
13	71028571	3000
13	71501086	3000
13	72054277	3000
13	72481274	3000
13	72964820	3000
13	73421081	3000
13	73930139	3000
13	74415863	3000
13	74872112	3000
13	75430230	3000
13	75936378	3000
13	76335432	3000
13	76859232	3000
13	77451204	3000
13	77988357	3000
13	78438615	3000
13	78952281	3000
13	79468510	3000
13	80109490	3000
13	80653623	3000
13	81131210	3000
13	81600025	3000
13	82085392	3000
13	82671002	3000
13	83136658	3000
13	83608978	3000
13	84129475	3000
13	84636276	3000
13	85065397	3000
13	85494825	3000
13	85929169	3000
13	86382702	3000
13	86895522	3000
13	87453953	3000
13	88045614	3000
13	88548587	3000
13	88987610	3000
13	89447143	3000
13	89896126	3000
13	90300790	3000
13	90842001	3000
13	91326735	3000
13	91827794	3000
13	92326034	3000
13	92798393	3000
13	93315087	3000
13	93837847	3000
13	94360424	3000
13	94864663	3000
13	95262446	3000
13	95730448	3000
13	96330087	3000
13	96918653	3000
13	97541381	3000
13	98035622	3000
13	98466336	3000
13	98919075	3000
13	99392419	3000
13	99904604	3000
13	100500306	3000
13	100975021	3000
13	101411054	3000
13	101916367	3000
13	102457322	3000
13	102931977	3000
13	103353017	3000
13	103805369	3000
13	104277217	3000
13	104726161	3000
13	105179812	3000
13	105614200	3000
13	106021980	3000
13	106487152	3000
13	106995395	3000
13	107452899	3000
13	107897735	3000
13	108322828	3000
13	108758025	3000
13	109185809	3000
13	109623302	3000
13	110036133	3000
13	110445106	3000
13	110844318	3000
13	111296400	3000
13	111648737	3000
13	112241606	3000
13	112640388	3000
13	113062766	3000
13	113508279	3000
13	113973983	2882
14	0	3000
14	19201015	3000
14	20054225	3000
14	20448090	3000
14	20836608	3000
14	21330837	3000
14	21792779	3000
14	22181416	3000
14	22589879	3000
14	23097012	3000
14	23657403	3000
14	24118702	3000
14	24591728	3000
14	25077912	3000
14	25449581	3000
14	25989844	3000
14	26502419	3000
14	27084286	3000
14	27592990	3000
14	28019195	3000
14	28483013	3000
14	29100994	3000
14	29719895	3000
14	30311660	3000
14	30857323	3000
14	31522066	3000
14	31951399	3000
14	32492882	3000
14	32981694	3000
14	33445855	3000
14	33916891	3000
14	34364218	3000
14	34865132	3000
14	35363699	3000
14	35995079	3000
14	36508063	3000
14	37022631	3000
14	37612918	3000
14	38149767	3000
14	38676852	3000
14	39200155	3000
14	39681748	3000
14	40121261	3000
14	40538893	3000
14	40949265	3000
14	41393882	3000
14	41880131	3000
14	42304655	3000
14	42788407	3000
14	43186693	3000
14	43583530	3000
14	44019125	3000
14	44475241	3000
14	44949584	3000
14	45616140	3000
14	46103520	3000
14	46596017	3000
14	47130016	3000
14	47639806	3000
14	48027300	3000
14	48438484	3000
14	48868908	3000
14	49340127	3000
14	49942378	3000
14	50471680	3000
14	50999863	3000
14	51450713	3000
14	51910230	3000
14	52278907	3000
14	52784868	3000
14	53316043	3000
14	53845540	3000
14	54384511	3000
14	54948326	3000
14	55456615	3000
14	55882468	3000
14	56322954	3000
14	56767208	3000
14	57275660	3000
14	57756233	3000
14	58256280	3000
14	58867849	3000
14	59309188	3000
14	59839794	3000
14	60445533	3000
14	61132912	3000
14	61637495	3000
14	62091564	3000
14	62514511	3000
14	62992751	3000
14	63486888	3000
14	64048686	3000
14	64588248	3000
14	65101144	3000
14	65582154	3000
14	66068998	3000
14	66565456	3000
14	67046243	3000
14	67536926	3000
14	68105501	3000
14	68663862	3000
14	69167517	3000
14	69794030	3000
14	70252583	3000
14	70698592	3000
14	71171712	3000
14	71724064	3000
14	72177949	3000
14	72599986	3000
14	73093610	3000
14	73662791	3000
14	74165117	3000
14	74733501	3000
14	75338395	3000
14	75888542	3000
14	76391970	3000
14	76851215	3000
14	77320853	3000
14	77781357	3000
14	78210217	3000
14	78720173	3000
14	79254744	3000
14	79788064	3000
14	80337111	3000
14	80816701	3000
14	81325706	3000
14	81789076	3000
14	82280133	3000
14	82837502	3000
14	83273172	3000
14	83784437	3000
14	84265668	3000
14	84716342	3000
14	85268346	3000
14	85742256	3000
14	86211665	3000
14	86609853	3000
14	87100201	3000
14	87541778	3000
14	87980634	3000
14	88472819	3000
14	89054622	3000
14	89554955	3000
14	90078048	3000
14	90584087	3000
14	91075744	3000
14	91565802	3000
14	92078464	3000
14	92500289	3000
14	92966262	3000
14	93488224	3000
14	93993420	3000
14	94450157	3000
14	94827532	3000
14	95270147	3000
14	95628783	3000
14	96060548	3000
14	96546051	3000
14	97013735	3000
14	97491648	3000
14	97934970	3000
14	98339183	3000
14	98711164	3000
14	99111073	3000
14	99616565	3000
14	100132285	3000
14	100668981	3000
14	101091357	3000
14	101534840	3000
14	102073612	3000
14	102585557	3000
14	103084380	3000
14	103521050	3000
14	104040551	3000
14	104410769	3000
14	104814510	3000
14	105266586	3000
14	105836898	3000
14	106223486	3000
14	106670587	1233
15	0	3000
15	20587998	3000
15	22818160	3000
15	23467546	3000
15	23912344	3000
15	24208516	3000
15	24523840	3000
15	24861186	3000
15	25281338	3000
15	25738782	3000
15	26105094	3000
15	26581258	3000
15	27041766	3000
15	27558196	3000
15	28046156	3000
15	28926746	3000
15	29391884	3000
15	29922394	3000
15	30831182	3000
15	31299618	3000
15	31818059	3000
15	32706908	3000
15	33084856	3000
15	33486923	3000
15	33876077	3000
15	34329931	3000
15	34855901	3000
15	35452258	3000
15	36015153	3000
15	36465032	3000
15	37034425	3000
15	37494071	3000
15	38005641	3000
15	38570199	3000
15	39007293	3000
15	39466709	3000
15	40021990	3000
15	40624384	3000
15	41188581	3000
15	41766974	3000
15	42250565	3000
15	42886174	3000
15	43760623	3000
15	44573276	3000
15	45143899	3000
15	45749396	3000
15	46326921	3000
15	46735652	3000
15	47236514	3000
15	47766062	3000
15	48426257	3000
15	49092963	3000
15	49649832	3000
15	50205966	3000
15	50742873	3000
15	51349550	3000
15	51902062	3000
15	52426722	3000
15	52904541	3000
15	53378451	3000
15	53817681	3000
15	54195668	3000
15	54624400	3000
15	54970166	3000
15	55413988	3000
15	55857912	3000
15	56319955	3000
15	56862864	3000
15	57382851	3000
15	57810495	3000
15	58267392	3000
15	58709307	3000
15	59231909	3000
15	59687911	3000
15	60192574	3000
15	60711245	3000
15	61165624	3000
15	61623523	3000
15	62125654	3000
15	62615439	3000
15	63051476	3000
15	63565974	3000
15	64119940	3000
15	64801117	3000
15	65374321	3000
15	66013357	3000
15	66501332	3000
15	66941008	3000
15	67531501	3000
15	68116859	3000
15	68664803	3000
15	69267001	3000
15	69818975	3000
15	70271645	3000
15	70834152	3000
15	71451706	3000
15	71953553	3000
15	72620239	3000
15	73255386	3000
15	73815714	3000
15	74362825	3000
15	74995445	3000
15	75650809	3000
15	76244165	3000
15	76912613	3000
15	77570848	3000
15	77979049	3000
15	78466813	3000
15	78926838	3000
15	79422277	3000
15	79789717	3000
15	80258635	3000
15	80714923	3000
15	81258369	3000
15	81799862	3000
15	82289537	3000
15	82857763	3000
15	83532311	3000
15	84113665	3000
15	84928709	3000
15	85431512	3000
15	85836860	3000
15	86218071	3000
15	86627088	3000
15	86999492	3000
15	87423655	3000
15	87855904	3000
15	88384491	3000
15	88861751	3000
15	89333850	3000
15	89845813	3000
15	90373608	3000
15	90872723	3000
15	91352079	3000
15	91842018	3000
15	92274534	3000
15	92669568	3000
15	93081148	3000
15	93411401	3000
15	93796411	3000
15	94270472	3000
15	94743357	3000
15	95246765	3000
15	95730387	3000
15	96237452	3000
15	96787903	3000
15	97250709	3000
15	97694238	3000
15	98061966	3000
15	98402028	3000
15	98883545	3000
15	99330519	3000
15	99793980	3000
15	100141905	3000
15	100469965	3000
15	100878431	3000
15	101254940	3000
15	101612344	1730
16	0	3000
16	426796	3000
16	808408	3000
16	1084292	3000
16	1412828	3000
16	1809439	3000
16	2150881	3000
16	2776536	3000
16	3214412	3000
16	3698937	3000
16	4162645	3000
16	4642060	3000
16	5024425	3000
16	5374235	3000
16	5638402	3000
16	5950015	3000
16	6272225	3000
16	6581289	3000
16	6812162	3000
16	7003271	3000
16	7227154	3000
16	7509741	3000
16	7770510	3000
16	8067747	3000
16	8340465	3000
16	8618719	3000
16	8962582	3000
16	9332223	3000
16	9706576	3000
16	10116510	3000
16	10497176	3000
16	10855271	3000
16	11307145	3000
16	11630499	3000
16	12088402	3000
16	12477220	3000
16	12622390	3000
16	12987545	3000
16	13416964	3000
16	13785949	3000
16	14298411	3000
16	15083447	3000
16	15754983	3000
16	16196473	3000
16	17039697	3000
16	17528163	3000
16	17988848	3000
16	18996766	3000
16	19467671	3000
16	20025801	3000
16	20483163	3000
16	21132738	3000
16	21919441	3000
16	22725846	3000
16	23222255	3000
16	23786507	3000
16	24293453	3000
16	24763778	3000
16	25299794	3000
16	25765598	3000
16	26242146	3000
16	26693709	3000
16	27097533	3000
16	27640215	3000
16	28208964	3000
16	29111066	3000
16	29791028	3000
16	30649545	3000
16	31405973	3000
16	32010688	3000
16	33931537	3000
16	34637270	3000
16	34943239	3000
16	35636302	3000
16	36058010	3000
16	46436168	3000
16	47273410	3000
16	48021454	3000
16	48735780	3000
16	49297229	3000
16	49798486	3000
16	50367408	3000
16	50967066	3000
16	51454628	3000
16	51964098	3000
16	52497618	3000
16	52990320	3000
16	53577824	3000
16	54116264	3000
16	54561145	3000
16	55027709	3000
16	55443096	3000
16	55906740	3000
16	56451959	3000
16	56921367	3000
16	57395387	3000
16	57843100	3000
16	58306773	3000
16	58767744	3000
16	59154136	3000
16	59698398	3000
16	60169410	3000
16	60658858	3000
16	61184193	3000
16	61752992	3000
16	62314294	3000
16	62875042	3000
16	63400798	3000
16	64003932	3000
16	64517187	3000
16	65022852	3000
16	65490565	3000
16	65994444	3000
16	66452866	3000
16	67113788	3000
16	67900064	3000
16	68540138	3000
16	69112045	3000
16	69719356	3000
16	70363339	3000
16	70948442	3000
16	71616544	3000
16	72153872	3000
16	72695666	3000
16	73174123	3000
16	73637817	3000
16	74145207	3000
16	74614369	3000
16	75022202	3000
16	75414297	3000
16	75885218	3000
16	76312388	3000
16	76732643	3000
16	77100838	3000
16	77427932	3000
16	77756441	3000
16	78072252	3000
16	78364660	3000
16	78558825	3000
16	78794941	3000
16	79025103	3000
16	79276858	3000
16	79608852	3000
16	79931914	3000
16	80280147	3000
16	80613168	3000
16	80970356	3000
16	81272826	3000
16	81617919	3000
16	81925080	3000
16	82263209	3000
16	82594474	3000
16	82869287	3000
16	83151764	3000
16	83438705	3000
16	83768959	3000
16	84032084	3000
16	84334015	3000
16	84573417	3000
16	84905315	3000
16	85226466	3000
16	85612340	3000
16	85982485	3000
16	86298225	3000
16	86585024	3000
16	86917007	3000
16	87255805	3000
16	87652006	3000
16	87959543	3000
16	88311274	3000
16	88653352	3000
16	88937927	3000
16	89314681	3000
16	89719713	3000
16	90043619	533
17	0	3000
17	570295	3000
17	943440	3000
17	1302940	3000
17	1686554	3000
17	2142325	3000
17	2657416	3000
17	3080678	3000
17	3486693	3000
17	3872091	3000
17	4394305	3000
17	4766064	3000
17	5245941	3000
17	5670358	3000
17	6059571	3000
17	6483627	3000
17	6945570	3000
17	7454288	3000
17	7973651	3000
17	8428799	3000
17	8995820	3000
17	9452728	3000
17	9904298	3000
17	10293504	3000
17	10885204	3000
17	11340126	3000
17	11848887	3000
17	12355506	3000
17	12825197	3000
17	13248810	3000
17	13660137	3000
17	14050008	3000
17	14476893	3000
17	14857183	3000
17	15271710	3000
17	15778785	3000
17	16372786	3000
17	16906015	3000
17	17382425	3000
17	17972093	3000
17	18716694	3000
17	19541674	3000
17	20149041	3000
17	20826088	3000
17	21423400	3000
17	22301677	3000
17	26629811	3000
17	27110297	3000
17	27642854	3000
17	28283830	3000
17	29041308	3000
17	29721719	3000
17	30533315	3000
17	31132063	3000
17	31710686	3000
17	32284082	3000
17	32957623	3000
17	33423700	3000
17	33855510	3000
17	34324954	3000
17	34742115	3000
17	35325160	3000
17	35832009	3000
17	36540704	3000
17	37058147	3000
17	37762441	3000
17	38667007	3000
17	39251378	3000
17	39910014	3000
17	40550075	3000
17	41054700	3000
17	41507152	3000
17	42074732	3000
17	42761487	3000
17	43484687	3000
17	44088168	3000
17	44743640	3000
17	45335399	3000
17	45864994	3000
17	46235183	3000
17	47164133	3000
17	47749213	3000
17	48325613	3000
17	48914194	3000
17	49471598	3000
17	50080244	3000
17	50609528	3000
17	51185824	3000
17	51697079	3000
17	52240310	3000
17	52762386	3000
17	53264154	3000
17	53812353	3000
17	54409787	3000
17	54891846	3000
17	55471682	3000
17	55961449	3000
17	56534703	3000
17	57080179	3000
17	57584150	3000
17	58092531	3000
17	58729318	3000
17	59434128	3000
17	60193734	3000
17	61013886	3000
17	61671802	3000
17	62348600	3000
17	62955713	3000
17	63634659	3000
17	64236437	3000
17	64955946	3000
17	65462455	3000
17	65978762	3000
17	66425052	3000
17	66871249	3000
17	67406214	3000
17	67966422	3000
17	68456404	3000
17	68985345	3000
17	69617756	3000
17	70197661	3000
17	70731339	3000
17	71206868	3000
17	71702807	3000
17	72254575	3000
17	72746546	3000
17	73176461	3000
17	73608317	3000
17	74033784	3000
17	74444242	3000
17	74938601	3000
17	75475431	3000
17	75963943	3000
17	76470192	3000
17	76918709	3000
17	77310064	3000
17	77706718	3000
17	78169276	3000
17	78522039	3000
17	78938479	3000
17	79291902	3000
17	79666774	3000
17	80075119	3000
17	80474059	3000
17	80903846	3000
17	81214671	3000
17	81565895	3000
17	82046399	3000
17	82447676	3000
17	82862075	2724
18	0	3000
18	463882	3000
18	876932	3000
18	1402973	3000
18	1856164	3000
18	2302463	3000
18	2747075	3000
18	3177225	3000
18	3623082	3000
18	4083561	3000
18	4505367	3000
18	4944013	3000
18	5361911	3000
18	5840504	3000
18	6386659	3000
18	6851229	3000
18	7291970	3000
18	7768604	3000
18	8288895	3000
18	8710146	3000
18	9111139	3000
18	9619286	3000
18	10054619	3000
18	10448047	3000
18	10863720	3000
18	11344974	3000
18	11783443	3000
18	12208422	3000
18	12671883	3000
18	13168767	3000
18	13634436	3000
18	14070464	3000
18	14466728	3000
18	14996874	3000
18	15580782	3000
18	20913581	3000
18	21725977	3000
18	22318519	3000
18	22871252	3000
18	23451293	3000
18	24072379	3000
18	24596207	3000
18	25124549	3000
18	25688743	3000
18	26213894	3000
18	26773301	3000
18	27257020	3000
18	27810478	3000
18	28382986	3000
18	28944248	3000
18	29511089	3000
18	30021228	3000
18	30443263	3000
18	30962681	3000
18	31478924	3000
18	32022132	3000
18	32578197	3000
18	33191831	3000
18	33767134	3000
18	34315190	3000
18	34896569	3000
18	35520339	3000
18	36022057	3000
18	36561026	3000
18	37184965	3000
18	37733769	3000
18	38272627	3000
18	38813707	3000
18	39360732	3000
18	39948963	3000
18	40422767	3000
18	40882414	3000
18	41394821	3000
18	41933050	3000
18	42495208	3000
18	42987959	3000
18	43502667	3000
18	43963521	3000
18	44463611	3000
18	45046887	3000
18	45520621	3000
18	45988114	3000
18	46546946	3000
18	47133874	3000
18	47600248	3000
18	48139723	3000
18	48616739	3000
18	49044540	3000
18	49553127	3000
18	49935436	3000
18	50387325	3000
18	50885184	3000
18	51443807	3000
18	51863613	3000
18	52317442	3000
18	52729836	3000
18	53076232	3000
18	53506321	3000
18	53923632	3000
18	54404743	3000
18	54940166	3000
18	55537571	3000
18	56157774	3000
18	56738032	3000
18	57202574	3000
18	57664753	3000
18	58112857	3000
18	58592269	3000
18	59078916	3000
18	59489955	3000
18	59896305	3000
18	60412006	3000
18	60803335	3000
18	61300239	3000
18	61772894	3000
18	62199209	3000
18	62690917	3000
18	63261938	3000
18	63761060	3000
18	64249309	3000
18	64673321	3000
18	65167463	3000
18	65680060	3000
18	66157087	3000
18	66670048	3000
18	67153612	3000
18	67596851	3000
18	67996470	3000
18	68443420	3000
18	68907158	3000
18	69386554	3000
18	69828197	3000
18	70343445	3000
18	70826008	3000
18	71252549	3000
18	71674082	3000
18	72128149	3000
18	72561545	3000
18	72973329	3000
18	73388629	3000
18	73811268	3000
18	74252288	3000
18	74679051	3000
18	75238380	3000
18	75643047	3000
18	76058928	3000
18	76486256	3000
18	76831673	3000
18	77221755	3000
18	77572159	3000
18	77930340	3000
18	78290427	3000
18	78659355	3000
18	79061868	3000
18	79456434	3000
18	79823797	2779
19	0	3000
19	561632	3000
19	863060	3000
19	1200714	3000
19	1615853	3000
19	2010131	3000
19	2384684	3000
19	2762456	3000
19	3135646	3000
19	3540068	3000
19	3961226	3000
19	4392718	3000
19	4821625	3000
19	5238089	3000
19	5686318	3000
19	6143085	3000
19	6564391	3000
19	6958455	3000
19	7391015	3000
19	7771720	3000
19	8206256	3000
19	8682777	3000
19	9187094	3000
19	9671510	3000
19	10138070	3000
19	10657164	3000
19	11192392	3000
19	11732758	3000
19	12299950	3000
19	12874399	3000
19	13430589	3000
19	13984922	3000
19	14514978	3000
19	14955867	3000
19	15422462	3000
19	15805180	3000
19	16211462	3000
19	16748841	3000
19	17225880	3000
19	17688818	3000
19	18181516	3000
19	18699987	3000
19	19253510	3000
19	19799849	3000
19	20219930	3000
19	20579917	3000
19	20879353	3000
19	21283224	3000
19	21647933	3000
19	22049081	3000
19	22532693	3000
19	22917110	3000
19	23431600	3000
19	23934616	3000
19	24295546	3000
19	27449726	3000
19	27737291	3000
19	28156472	3000
19	28546945	3000
19	28968673	3000
19	29376829	3000
19	29774442	3000
19	30336317	3000
19	30873166	3000
19	31449265	3000
19	31928864	3000
19	32466397	3000
19	32923232	3000
19	33389460	3000
19	33826589	3000
19	34361247	3000
19	34857059	3000
19	35318713	3000
19	35849730	3000
19	36421657	3000
19	37026180	3000
19	37715522	3000
19	38293910	3000
19	38783177	3000
19	39241107	3000
19	39740793	3000
19	40271135	3000
19	40822918	3000
19	41256237	3000
19	41868737	3000
19	42715244	3000
19	43030851	3000
19	43374715	3000
19	43894679	3000
19	44405829	3000
19	44857505	3000
19	45358772	3000
19	45895314	3000
19	46359213	3000
19	46839822	3000
19	47421320	3000
19	47897762	3000
19	48361314	3000
19	48885205	3000
19	49376864	3000
19	49927326	3000
19	50469872	3000
19	50922358	3000
19	51412950	3000
19	51813864	3000
19	52259242	3000
19	52620359	3000
19	52957684	3000
19	53349067	3000
19	53680206	3000
19	54081615	3000
19	54455730	3000
19	54773111	3000
19	55054220	3000
19	55499912	3000
19	55880018	3000
19	56216963	3000
19	56703517	3000
19	57163711	3000
19	57653638	3000
19	58156479	2517
20	0	3000
20	469249	3000
20	872450	3000
20	1332396	3000
20	1821469	3000
20	2247043	3000
20	2711111	3000
20	3233216	3000
20	3692888	3000
20	4132625	3000
20	4592932	3000
20	5020434	3000
20	5458418	3000
20	5885494	3000
20	6365668	3000
20	6872801	3000
20	7357846	3000
20	7843207	3000
20	8336979	3000
20	8840848	3000
20	9408048	3000
20	9905880	3000
20	10380590	3000
20	10903016	3000
20	11361388	3000
20	11842785	3000
20	12330891	3000
20	12712316	3000
20	13182009	3000
20	13672358	3000
20	14245058	3000
20	14787429	3000
20	15280356	3000
20	15737003	3000
20	16159285	3000
20	16614951	3000
20	17008935	3000
20	17455110	3000
20	17898926	3000
20	18349203	3000
20	18781810	3000
20	19274788	3000
20	19747271	3000
20	20221029	3000
20	20852685	3000
20	21465660	3000
20	22071597	3000
20	22630621	3000
20	23115402	3000
20	23587707	3000
20	23947944	3000
20	24332489	3000
20	24791322	3000
20	25240374	3000
20	25751239	3000
20	26379893	3000
20	29297506	3000
20	30191076	3000
20	30702329	3000
20	31367644	3000
20	32002179	3000
20	32675513	3000
20	33186547	3000
20	33934338	3000
20	34694028	3000
20	35366906	3000
20	36019656	3000
20	36853499	3000
20	37440698	3000
20	37945222	3000
20	38487248	3000
20	39074812	3000
20	39631201	3000
20	40225568	3000
20	40753771	3000
20	41313176	3000
20	41852773	3000
20	42334652	3000
20	42769870	3000
20	43308256	3000
20	43788508	3000
20	44269030	3000
20	44862947	3000
20	45451406	3000
20	45872007	3000
20	46404691	3000
20	46944587	3000
20	47466272	3000
20	47941719	3000
20	48412106	3000
20	48893806	3000
20	49442523	3000
20	49966667	3000
20	50465899	3000
20	50983258	3000
20	51487953	3000
20	51893589	3000
20	52404571	3000
20	52930792	3000
20	53455580	3000
20	53919810	3000
20	54311893	3000
20	54815039	3000
20	55245285	3000
20	55682739	3000
20	56145438	3000
20	56625649	3000
20	57034092	3000
20	57462473	3000
20	57850163	3000
20	58281465	3000
20	58774256	3000
20	59335304	3000
20	59779140	3000
20	60257122	3000
20	60726878	3000
20	61101750	3000
20	61480241	3000
20	61830250	3000
20	62243207	3000
20	62609529	3000
20	62983992	3000
20	63355598	3000
20	63699875	3000
20	64171695	860
21	0	3000
21	10120755	3000
21	13338694	3000
21	13894851	3000
21	14246811	3000
21	14657988	3000
21	15139534	3000
21	15655935	3000
21	16263511	3000
21	16766443	3000
21	17172992	3000
21	17531032	3000
21	18028022	3000
21	18500460	3000
21	18880262	3000
21	19329481	3000
21	19746334	3000
21	20212154	3000
21	20575122	3000
21	20981071	3000
21	21454026	3000
21	21898768	3000
21	22369325	3000
21	22827004	3000
21	23290759	3000
21	23678512	3000
21	24095358	3000
21	24507478	3000
21	24962558	3000
21	25522512	3000
21	26041518	3000
21	26532522	3000
21	26972326	3000
21	27394338	3000
21	27872089	3000
21	28310369	3000
21	28790385	3000
21	29417294	3000
21	29949247	3000
21	30406673	3000
21	30965009	3000
21	31461391	3000
21	31957505	3000
21	32460367	3000
21	33049454	3000
21	33588903	3000
21	34219099	3000
21	34839067	3000
21	35326736	3000
21	35793096	3000
21	36273701	3000
21	36719302	3000
21	37177317	3000
21	37681704	3000
21	38213864	3000
21	38680675	3000
21	39143569	3000
21	39626083	3000
21	40017698	3000
21	40437744	3000
21	40849742	3000
21	41310276	3000
21	41710483	3000
21	42072981	3000
21	42445565	3000
21	42849728	3000
21	43656860	3000
21	44278186	3000
21	44676240	3000
21	45009230	3000
21	45418578	3000
21	45895197	3000
21	46258259	3000
21	46669100	103
22	0	3000
22	15348089	3000
22	16132778	3000
22	16553984	3000
22	17019723	3000
22	17439056	3000
22	17848383	3000
22	18985940	3000
22	19417401	3000
22	19892534	3000
22	20316331	3000
22	20802518	3000
22	21661038	3000
22	22119038	3000
22	22447909	3000
22	22777046	3000
22	23261809	3000
22	23587301	3000
22	24007343	3000
22	24541564	3000
22	24988202	3000
22	25372420	3000
22	25826915	3000
22	26312562	3000
22	26757502	3000
22	27157231	3000
22	27524308	3000
22	27981415	3000
22	28608794	3000
22	29164342	3000
22	29717971	3000
22	30330167	3000
22	30776449	3000
22	31323329	3000
22	31843567	3000
22	32307085	3000
22	32696683	3000
22	33175404	3000
22	33605214	3000
22	34072715	3000
22	34479515	3000
22	34866338	3000
22	35308619	3000
22	35764099	3000
22	36291916	3000
22	36752756	3000
22	37195621	3000
22	37661405	3000
22	38239272	3000
22	38832250	3000
22	39299176	3000
22	39927170	3000
22	40650753	3000
22	41314261	3000
22	41941961	3000
22	42476644	3000
22	42907007	3000
22	43318757	3000
22	43807771	3000
22	44243050	3000
22	44610704	3000
22	44915298	3000
22	45304522	3000
22	45760566	3000
22	46194971	3000
22	46590992	3000
22	46998846	3000
22	47383493	3000
22	47818327	3000
22	48218004	3000
22	48545470	3000
22	48830864	3000
22	49116898	3000
22	49403537	3000
22	49778949	3000
22	50167380	3000
22	50561073	1515
X	0	3000
X	3389910	3000
X	4091175	3000
X	4780434	3000
X	5384336	3000
X	6013718	3000
X	6673681	3000
X	7413208	3000
X	8233208	3000
X	8945206	3000
X	9699430	3000
X	10367555	3000
X	11287993	3000
X	11979950	3000
X	12685885	3000
X	13446688	3000
X	14181891	3000
X	15073031	3000
X	15942812	3000
X	16768779	3000
X	17812473	3000
X	18805666	3000
X	19708847	3000
X	20690292	3000
X	21683595	3000
X	22418086	3000
X	22964892	3000
X	23640783	3000
X	24477636	3000
X	25502133	3000
X	26199342	3000
X	27041689	3000
X	27813391	3000
X	28699352	3000
X	29558839	3000
X	30383199	3000
X	31156607	3000
X	31830581	3000
X	32415415	3000
X	32953454	3000
X	33665434	3000
X	34398842	3000
X	35143462	3000
X	36059189	3000
X	36833358	3000
X	37915456	3000
X	38582223	3000
X	39395494	3000
X	40213991	3000
X	41058020	3000
X	41987250	3000
X	42879921	3000
X	43772251	3000
X	44703883	3000
X	45660384	3000
X	46459078	3000
X	47482600	3000
X	48272229	3000
X	49311446	3000
X	50683044	3000
X	51556895	3000
X	52383713	3000
X	53580396	3000
X	54684603	3000
X	55567049	3000
X	56248325	3000
X	56867329	3000
X	57549465	3000
X	58308628	3000
X	62831802	3000
X	63657957	3000
X	64392041	3000
X	65009757	3000
X	65838543	3000
X	66469186	3000
X	67072136	3000
X	67766489	3000
X	68575649	3000
X	69341193	3000
X	70098228	3000
X	70901977	3000
X	71967664	3000
X	73144565	3000
X	73786157	3000
X	74696820	3000
X	75524531	3000
X	76099240	3000
X	76595898	3000
X	77021338	3000
X	77659389	3000
X	78563493	3000
X	79237792	3000
X	79845102	3000
X	80459231	3000
X	81268871	3000
X	81876647	3000
X	82568187	3000
X	83288945	3000
X	84135628	3000
X	84824764	3000
X	85595039	3000
X	86209915	3000
X	86908306	3000
X	87441027	3000
X	88060401	3000
X	88588027	3000
X	89326094	3000
X	90241299	3000
X	91033047	3000
X	91757422	3000
X	92679866	3000
X	93441381	3000
X	94145888	3000
X	94881772	3000
X	95673544	3000
X	96347473	3000
X	97158740	3000
X	98131333	3000
X	98991186	3000
X	99966776	3000
X	100897007	3000
X	101768908	3000
X	102799313	3000
X	103720749	3000
X	104771170	3000
X	105916062	3000
X	107148435	3000
X	108230217	3000
X	109113283	3000
X	109939602	3000
X	110825820	3000
X	111917465	3000
X	112555155	3000
X	113255088	3000
X	114079459	3000
X	114966055	3000
X	115969326	3000
X	116614645	3000
X	117154403	3000
X	117643254	3000
X	118282681	3000
X	119077185	3000
X	119828270	3000
X	120680343	3000
X	121513577	3000
X	122244974	3000
X	122885046	3000
X	123775757	3000
X	124629112	3000
X	125456921	3000
X	126155085	3000
X	126826893	3000
X	127546045	3000
X	128236970	3000
X	129045712	3000
X	129752968	3000
X	130751983	3000
X	131618263	3000
X	132452333	3000
X	133379643	3000
X	134512460	3000
X	135586282	3000
X	136628973	3000
X	137470929	3000
X	138261283	3000
X	139104696	3000
X	139877327	3000
X	140782717	3000
X	141679645	3000
X	142270314	3000
X	142962238	3000
X	143586430	3000
X	144359960	3000
X	145014014	3000
X	145699302	3000
X	146370619	3000
X	147050614	3000
X	147721437	3000
X	148413700	3000
X	149295349	3000
X	150275805	3000
X	151042348	3000
X	151694751	3000
X	152391983	3000
X	153316528	3000
X	154032050	3000
X	155224126	1123
