1	0	4920
1	1361827	4658
1	2050120	6816
1	3068487	4586
1	3624793	4487
1	4175949	4842
1	4792584	4970
1	5494724	4935
1	6261025	3146
1	6784893	5623
1	7769756	3278
1	8344217	4471
1	9271387	4197
1	10016070	4477
1	10796700	4956
1	11663377	4994
1	12528470	7714
1	13825129	9858
1	15220530	4784
1	16008857	4898
1	17011978	4697
1	17697924	4563
1	18378533	4169
1	18956736	4594
1	19679612	4916
1	20526801	4793
1	21428017	4749
1	22144019	4954
1	23015900	4511
1	24008569	4632
1	24844374	4940
1	25907041	4817
1	27012886	4960
1	28121371	4865
1	29182037	4554
1	29905407	3519
1	30411688	4491
1	31108673	4620
1	31987084	6723
1	33512793	4546
1	34277342	4817
1	35146485	4950
1	36329271	4878
1	37203766	4987
1	38119075	4876
1	39006109	4918
1	39945048	4633
1	40771653	4206
1	41484723	4732
1	42422628	4924
1	43363253	4994
1	44390873	4756
1	45328583	4919
1	46365202	4967
1	47232270	7145
1	48497786	6392
1	50023963	4976
1	51235146	4234
1	52090766	4995
1	53085552	4906
1	53945979	4892
1	54742707	7500
1	55945024	6064
1	56918271	9529
1	58546852	4289
1	59289690	7236
1	60640541	4556
1	61462843	4430
1	62212378	4631
1	63079081	3102
1	63660295	3966
1	64384509	4080
1	65232195	3035
1	65761402	3365
1	66374629	3952
1	67054149	3595
1	67688388	4800
1	68538677	4452
1	69435459	4737
1	70385389	3672
1	71047858	5458
1	72282784	4679
1	73191905	3801
1	73883872	4130
1	74766728	7602
1	76066278	4266
1	76779317	4840
1	77683469	4943
1	78664128	4179
1	79324913	4978
1	80116968	3562
1	80646838	4121
1	81252146	6167
1	82261183	5283
1	83166865	4896
1	83999200	4774
1	84893263	4607
1	85708483	4995
1	86500339	4729
1	87371705	4839
1	88313352	4963
1	89272854	4984
1	90253609	3925
1	91022322	3949
1	91644132	4056
1	92486926	4913
1	93554711	4925
1	94541850	4805
1	95318313	4981
1	96226110	3560
1	96823788	5884
1	97921099	4711
1	98760550	4314
1	99464826	4812
1	100332667	4646
1	101271413	4076
1	101787622	4110
1	102389680	4726
1	103108546	5761
1	104226728	9027
1	105434871	4272
1	106124614	4364
1	106838217	3384
1	107505498	4949
1	108471052	4650
1	109307091	4561
1	110202252	4610
1	111041975	4465
1	111768066	4963
1	112671669	4930
1	113685973	4836
1	114581689	4494
1	115368122	4826
1	116166291	4725
1	117138659	3443
1	117778556	4680
1	118615696	4986
1	119545963	6223
1	121571942	4908
1	143699669	4981
1	146052294	3813
1	147172600	4690
1	147842409	4758
1	149357662	4873
1	150720938	4862
1	151853747	4893
1	152885097	4781
1	153718397	3876
1	154628049	4570
1	155739060	4731
1	156800867	4921
1	157552570	4780
1	158357603	4817
1	159055205	4872
1	159816301	4651
1	160647345	4854
1	161470573	3316
1	162039617	4820
1	162868865	4270
1	163509645	4976
1	164343914	3583
1	164980187	4842
1	165710018	4893
1	166580755	4123
1	167220562	4257
1	167914265	4666
1	168729314	4645
1	169487036	4584
1	170167840	4917
1	171064815	4513
1	171825009	4518
1	172749552	6001
1	174090524	4516
1	175045698	4330
1	175743820	3472
1	176368451	4596
1	177366322	4279
1	178094034	4775
1	179098073	4958
1	179877853	4056
1	180566568	3631
1	181238654	4797
1	182090162	4713
1	182982368	3701
1	183635807	4240
1	184386754	4645
1	185335089	4846
1	186190999	4447
1	186989031	4239
1	187708948	3417
1	188242728	4812
1	188887484	4689
1	189666306	4775
1	190494347	4431
1	191228517	4969
1	192185865	4711
1	193106164	3703
1	193757317	6512
1	194719286	8139
1	196061123	4869
1	197067317	3398
1	197935528	4689
1	198757333	3257
1	199393357	4959
1	200177474	4538
1	201023750	3601
1	201534834	4563
1	202342030	4932
1	203288851	4783
1	204152053	3307
1	204728156	4966
1	205566849	4458
1	206497778	4827
1	207489945	4331
1	208255426	4699
1	209001526	4918
1	209857615	4969
1	210676346	4892
1	211492967	4568
1	212239027	4604
1	213015876	3889
1	213794637	4325
1	214552499	5822
1	215621857	4571
1	216423446	4239
1	217137805	4844
1	217920854	3664
1	218541949	4495
1	219273437	4979
1	220148091	3869
1	220885109	4971
1	221742226	4692
1	222593082	4254
1	223395520	6870
1	224773391	4751
1	225653192	4925
1	226609264	4602
1	227318524	4996
1	228182307	4713
1	229038324	4848
1	230007212	4655
1	230694032	4983
1	231476338	4256
1	232222224	4619
1	232918068	4839
1	233672562	4643
1	234384099	4546
1	235128986	4780
1	236065212	6811
1	237004468	5412
1	237834038	3555
1	238325838	3262
1	238779250	3353
1	239250868	4500
1	240013276	4927
1	240768730	4571
1	241519811	3668
1	242060292	7722
1	243255398	3854
1	244104260	6346
1	245127214	4206
1	245709481	6070
1	246507362	4804
1	247185532	4832
1	247896581	6312
2	0	4662
2	749906	7645
2	1744902	3757
2	2331310	4081
2	2871281	4919
2	3580969	3941
2	4140781	4708
2	4827134	7721
2	6001325	4316
2	6650585	7182
2	7899705	4659
2	8684503	4961
2	9708463	4952
2	10427667	4936
2	11146840	4152
2	11827459	6988
2	13007063	4042
2	13609218	8139
2	14907714	4788
2	15680534	4818
2	16432752	4004
2	17123190	4108
2	17817151	6413
2	18787802	4077
2	19520145	4575
2	20241096	5786
2	21198946	6916
2	22531155	4861
2	23351914	4252
2	24063731	4587
2	24919889	4851
2	25995131	4134
2	26827570	3679
2	27715782	7603
2	29189693	4796
2	29921616	4456
2	30679945	4241
2	31291654	4821
2	32157687	4403
2	32945501	5057
2	33637475	5774
2	34297803	3135
2	34738281	3442
2	35219654	3961
2	35725192	4657
2	36355164	4737
2	37084392	4525
2	37738518	4362
2	38286460	4236
2	38975499	4131
2	39779317	6197
2	40611103	3605
2	41157605	5008
2	41820804	4354
2	42494147	4855
2	43226659	6960
2	44271156	4404
2	45009480	4179
2	45612215	4518
2	46257227	4026
2	46859057	4977
2	47570989	7447
2	48776567	7752
2	49879413	17115
2	52407967	3807
2	52910070	6770
2	53860210	4725
2	54680095	4961
2	55435672	6559
2	56386223	4717
2	57049386	3790
2	57544649	4124
2	58296598	3884
2	59063816	6155
2	60100250	4981
2	61052040	4169
2	61854193	4421
2	62662704	4831
2	63827893	4423
2	64616532	4682
2	65432687	4971
2	66236263	4618
2	67042016	4382
2	67684127	4855
2	68467308	4808
2	69249377	4993
2	70248710	4269
2	70933496	7658
2	72148088	4855
2	73298837	4649
2	74192295	4716
2	75199750	3498
2	75711039	5971
2	76595728	7635
2	77593369	3651
2	78127856	6395
2	79138477	9672
2	80648911	4857
2	81496377	3433
2	82005750	4618
2	82857434	4746
2	83657892	4422
2	84460095	4965
2	85391802	4692
2	86213844	4939
2	87380817	4975
2	88631871	4941
2	90005679	3638
2	92035050	4643
2	94857332	4974
2	96305565	4916
2	97739912	4880
2	98731176	3921
2	99490085	7283
2	100722932	4518
2	101522026	4218
2	102250305	4336
2	103019950	3157
2	103623880	4525
2	104415662	4982
2	105330579	4577
2	105962056	6415
2	106963724	3738
2	107556376	4706
2	108423935	4206
2	109124659	4906
2	110285906	3081
2	111168497	4696
2	112119368	4724
2	113086961	7171
2	114420352	7479
2	115845802	8209
2	117181612	6413
2	118186436	4680
2	118994710	4283
2	119700201	4560
2	120558159	6867
2	121796752	7484
2	123073531	5978
2	124025223	5305
2	124915337	4778
2	125765892	4677
2	126558212	4847
2	127250132	4391
2	128067457	3246
2	128581626	4267
2	129273898	4990
2	130129272	4133
2	131093510	4301
2	131836582	4625
2	132671629	4945
2	133596449	5191
2	134454671	4739
2	135531286	4793
2	136545592	7108
2	137677767	4892
2	138613217	4655
2	139379197	4966
2	140217289	13569
2	142137880	4247
2	142856048	7838
2	144579484	4791
2	145603473	4793
2	146589360	5606
2	147810827	4995
2	148787618	3421
2	149474198	4697
2	150301130	4353
2	151048824	3618
2	151734537	4872
2	152649884	6404
2	153762696	4297
2	154457488	5309
2	155330577	5258
2	156255000	4542
2	157211589	4301
2	158136204	4279
2	158753825	3348
2	159286849	4460
2	160062660	7025
2	161411767	4294
2	162318753	7284
2	163736062	4070
2	164621898	6763
2	165953893	3290
2	166494297	5243
2	167259803	3976
2	167941194	3160
2	168451656	3999
2	169115730	6296
2	170120148	4804
2	170861201	4633
2	171748470	3809
2	172424223	3685
2	173052943	4677
2	173811442	3933
2	174546385	4519
2	175454690	4720
2	176243043	3932
2	176930140	3596
2	177619016	4922
2	178516512	4728
2	179400925	9591
2	180939348	4659
2	181738765	4385
2	182523242	4395
2	183261096	9613
2	184939542	4622
2	185833340	4689
2	186766015	4125
2	187565810	5432
2	188595981	4685
2	189488042	4319
2	190371715	3847
2	191174885	3395
2	191820300	4571
2	192776949	4328
2	193730739	3778
2	194455192	3340
2	195026420	3788
2	195573020	3493
2	196176553	3711
2	196927846	3989
2	197786812	4704
2	198772406	4759
2	199851223	4942
2	200864794	4947
2	201927593	3994
2	202872035	4571
2	203961627	3038
2	204507722	5797
2	205620212	4181
2	206410959	4692
2	207237925	4987
2	208209034	4912
2	209074198	4330
2	209734168	4361
2	210679157	4278
2	211299239	8514
2	212538891	4485
2	213276202	8754
2	214684296	4987
2	215480298	4919
2	216372077	3710
2	216994129	4594
2	217756643	4912
2	218755466	6802
2	220049322	4420
2	220797943	4787
2	221641863	4648
2	222560998	4359
2	223248844	4494
2	224039369	5595
2	225042495	3798
2	225762162	4852
2	226658843	4312
2	227382045	4070
2	227924394	4685
2	228684630	3317
2	229271335	4349
2	230069049	4937
2	230837435	4794
2	231646323	4960
2	232487878	4626
2	233207953	4939
2	234019572	3381
2	234497103	5059
2	235178955	6106
2	236131850	3818
2	236754413	4368
2	237425326	4961
2	238099463	4616
2	238789766	4325
2	239402414	4980
2	240080412	4983
2	240698533	4576
2	241354077	5430
3	0	3035
3	409467	4463
3	1065925	4752
3	1596295	4698
3	2089261	8212
3	3126663	4072
3	3627346	6134
3	4467331	5173
3	5250305	9321
3	6365935	9886
3	7741583	9083
3	8963823	4432
3	9748068	3552
3	10321228	4695
3	11039297	4790
3	11846969	7378
3	13073167	4831
3	13746687	4169
3	14394807	4961
3	15252968	3504
3	15873899	4140
3	16531852	3727
3	17090644	12598
3	19535696	3700
3	20154454	9225
3	21406558	8338
3	22373371	4321
3	22991632	6787
3	24103288	3467
3	24681761	7451
3	25664989	6215
3	26710826	4802
3	27369510	4081
3	28028654	12146
3	30010441	4630
3	30694192	4774
3	31455944	4835
3	32238628	4617
3	32956399	4980
3	33869757	3855
3	34562927	4203
3	35256996	3245
3	35872248	4824
3	36637507	3845
3	37435547	4798
3	38329120	7617
3	39644755	4906
3	40468637	3361
3	41189286	5403
3	41962480	4316
3	42692594	4909
3	43734421	4710
3	44737133	4639
3	45549471	4885
3	46423641	4984
3	47560574	4804
3	48899043	6852
3	50672098	4958
3	51863474	4723
3	52897646	5958
3	54048843	9270
3	55505311	5434
3	56468413	4647
3	57292732	4654
3	58214747	4777
3	59119559	3003
3	59584495	12711
3	61251509	6986
3	62369380	4908
3	63125112	4691
3	63863953	3638
3	64511907	4993
3	65193549	5457
3	66038884	3808
3	66637462	4515
3	67306409	4087
3	67947763	7202
3	69123082	5478
3	69968387	4709
3	70808502	4922
3	71785256	4939
3	72550602	3686
3	73241946	4957
3	74005659	3063
3	74521190	7182
3	75785633	11210
3	77650014	4693
3	78525535	6434
3	79767865	4252
3	80442355	7614
3	81922911	4975
3	82808071	5769
3	83938286	5745
3	84893429	6766
3	86074479	4537
3	86817086	3155
3	87324773	4095
3	87993885	3790
3	88601452	4846
3	89482184	4510
3	90257465	4359
3	91356964	3074
3	94128595	6127
3	95172427	3874
3	95683243	7034
3	96777733	4535
3	97821934	4902
3	98472974	4754
3	99216316	3742
3	99799276	4977
3	100749016	4989
3	101679267	4964
3	102673963	5973
3	103630962	3056
3	104063632	3050
3	104503316	6727
3	105576950	6953
3	106688829	4180
3	107463962	4795
3	108378335	4575
3	109243175	4120
3	109977817	7330
3	111275613	4883
3	112081319	4796
3	112846906	4584
3	113515237	3753
3	114310338	6767
3	115721540	8245
3	117139439	4850
3	117997642	3317
3	118557718	4933
3	119420764	7560
3	120836410	4936
3	121660977	4656
3	122575253	4184
3	123274180	3598
3	123992228	4395
3	124749323	4886
3	125595140	4301
3	126101611	3953
3	126671989	4522
3	127390720	3255
3	127987721	4716
3	128871590	4168
3	129632542	4266
3	130484894	5180
3	131520930	5138
3	132285460	4214
3	133037102	4993
3	133895886	3644
3	134575067	4081
3	135260517	4599
3	136197291	4280
3	137011135	4838
3	137882287	4642
3	138944070	4911
3	139859944	4708
3	140701200	4801
3	141615392	4493
3	142448112	3748
3	143177667	4103
3	143848581	3168
3	144445894	6884
3	145524465	7066
3	146606266	4382
3	147370706	4246
3	148127283	4908
3	148960162	4945
3	149736764	4941
3	150630495	4836
3	151499856	3890
3	152151774	6574
3	153374236	4260
3	154024348	7139
3	155309857	4004
3	155988226	4791
3	156817112	4103
3	157533669	3278
3	158089047	4374
3	158871871	5735
3	159897416	4766
3	160755192	5791
3	161821958	5646
3	162601842	4853
3	163361613	3868
3	164002515	7296
3	165197159	3689
3	165837522	3306
3	166294403	4985
3	167066370	4826
3	167924061	4809
3	168922046	4963
3	169789766	3150
3	170418665	3280
3	171026800	4404
3	171811000	4514
3	172595657	3703
3	173337015	5881
3	174378055	9298
3	175810602	4914
3	176635582	4437
3	177349216	3717
3	178007829	4727
3	178860455	4993
3	179789451	5790
3	180982803	4938
3	182142187	4803
3	183163889	4914
3	184039419	4488
3	184773205	4823
3	185825106	3590
3	186493711	4632
3	187207679	5932
3	188147070	6411
3	189325354	3844
3	189897329	6846
3	190892479	4739
3	191591147	3740
3	192093486	4859
3	192918211	4996
3	193697873	4839
3	194398404	3149
3	194832642	4470
3	195443128	4453
3	196160940	4806
3	196934764	7326
4	0	4883
4	781899	4615
4	1406381	4980
4	2262344	4995
4	3040797	4348
4	3677905	4740
4	4175288	6218
4	5019522	4480
4	5527851	4081
4	6018557	7571
4	7103435	5939
4	7742886	4766
4	8324015	4564
4	8871867	4839
4	9498116	3344
4	9755828	4702
4	10285758	3288
4	10749636	4776
4	11429815	6492
4	12312740	4674
4	12948720	4342
4	13648450	4363
4	14242863	4749
4	14888219	4848
4	15738363	4160
4	16397373	4561
4	17186109	4880
4	18021926	3085
4	18489558	3704
4	19098790	5342
4	19909742	4254
4	20620611	9238
4	21948849	4430
4	22611113	7565
4	23904139	4941
4	24768381	4512
4	25506725	3641
4	26104308	4485
4	27025431	6378
4	27985113	4434
4	28711526	4686
4	29408062	3777
4	30008366	7387
4	31146855	3075
4	31558871	5345
4	32353270	7597
4	33437927	3922
4	34269797	4348
4	34966394	3699
4	35489800	8234
4	36641950	4071
4	37242041	4289
4	37862987	4485
4	38570721	4924
4	39451586	6536
4	40630925	3962
4	41303387	4808
4	42152928	4851
4	42892668	7259
4	44022113	4864
4	44841452	4279
4	45480186	4267
4	46244265	3404
4	46909285	3729
4	47593536	4620
4	48489246	4974
4	51916887	4853
4	52751690	3342
4	53366125	5277
4	54298297	4746
4	55125639	4725
4	55837537	4816
4	56681949	13249
4	58565172	4242
4	59176196	6148
4	60038636	8289
4	61154012	5491
4	62165604	4423
4	62818844	5149
4	63494328	5450
4	64409518	4442
4	65036067	4984
4	65807485	6510
4	66897421	4892
4	67701229	4779
4	68670678	4873
4	69250865	4821
4	69961057	4604
4	70607338	4979
4	71572137	3426
4	72148117	3762
4	72808242	4998
4	73778110	4517
4	74589531	3450
4	75195129	4957
4	76007538	4766
4	76802014	7375
4	78003489	4542
4	78768800	7610
4	80204379	6558
4	81334468	4635
4	82044294	4584
4	82798907	4830
4	83731805	7861
4	85246962	8784
4	86815221	4925
4	87734006	4446
4	88506213	4586
4	89308060	4001
4	89954679	10483
4	91601963	3476
4	92277125	7956
4	93810207	7893
4	95158498	3275
4	95645343	3844
4	96213150	5443
4	97135109	6754
4	98143290	4953
4	99062863	4154
4	99654698	3290
4	100215555	6646
4	101348933	4256
4	102074862	4976
4	103019789	4046
4	103719866	3483
4	104411085	4573
4	105293996	4440
4	106022528	4115
4	106837651	4981
4	107720502	4794
4	108667870	4921
4	109554144	4503
4	110293623	3969
4	111064277	3292
4	111648858	6013
4	112788928	3658
4	113420186	3749
4	114104275	6128
4	115143353	4160
4	115764869	4877
4	116599661	4273
4	117250238	4159
4	117869998	4429
4	118715483	4863
4	119454688	3562
4	120040665	3818
4	120650846	4950
4	121381109	4278
4	122078368	4282
4	122923018	3561
4	123527575	6732
4	124712782	5030
4	125492982	3882
4	126106973	3262
4	126564826	3201
4	127077812	4596
4	128039761	6745
4	129305072	4101
4	129955418	3833
4	130495335	4103
4	131113305	4320
4	131857963	3585
4	132447285	3957
4	132981727	3818
4	133575258	4537
4	134457902	4014
4	135123829	4990
4	135996142	3104
4	136553789	4369
4	137212849	4655
4	137816452	4432
4	138561991	3945
4	139256810	4748
4	140154234	3200
4	140779191	5177
4	141734037	6540
4	142847482	3588
4	143557536	8801
4	145180211	4883
4	146200050	4025
4	147030122	3338
4	147684280	4448
4	148558098	3913
4	149278173	5285
4	150257507	4919
4	151325682	4822
4	152225920	4759
4	153091215	3873
4	153789170	4748
4	154613017	4853
4	155462713	3514
4	156007038	4763
4	156692686	4824
4	157576204	3974
4	158278726	3845
4	159064448	4013
4	159777834	6553
4	160818919	9522
4	162164085	4182
4	162742098	4275
4	163520589	5604
4	164384100	4701
4	165060604	4577
4	165762828	5021
4	166526169	7510
4	167742337	3495
4	168318857	4291
4	169010325	4216
4	169833413	4140
4	170482245	7821
4	171638813	10483
4	173634421	4826
4	174423914	3900
4	175019264	3373
4	175576190	4683
4	176332295	3380
4	176875507	4785
4	177691118	15448
4	179857631	5423
4	180574077	4660
4	181265079	4380
4	181830023	6241
4	182803074	4730
4	183517577	4880
4	184221280	4926
4	184938490	3928
4	185535662	4678
4	186172717	4867
4	186892416	4035
4	187517258	4773
4	188161189	4984
4	188715492	4985
4	189291386	4944
5	0	3963
5	535932	4755
5	1178655	4869
5	1816655	3614
5	2262073	4699
5	2788599	3268
5	3181282	3414
5	3601453	3748
5	4143698	4390
5	4866271	4333
5	5490284	4629
5	6137221	4865
5	6848512	3453
5	7379840	4721
5	8080811	4930
5	8785518	4997
5	9546125	7807
5	10770344	6888
5	11904093	4984
5	12804413	7086
5	13944593	4228
5	14699761	4221
5	15451861	3618
5	16185635	4768
5	16936326	4258
5	17669568	3404
5	18236246	6547
5	19234537	8234
5	20575923	5519
5	21589422	6981
5	22853672	4361
5	23528647	4425
5	24178313	4442
5	24910745	4741
5	25716765	4828
5	26399869	6581
5	27496451	4619
5	28287715	4908
5	29070660	3872
5	29600918	5982
5	30365734	4818
5	31066182	3131
5	31595719	4590
5	32313059	3502
5	32888195	3704
5	33522280	4297
5	34373900	4636
5	35048185	4939
5	35879653	4886
5	36725245	4645
5	37753485	4596
5	38468389	4825
5	39274578	3940
5	39889109	3851
5	40431541	4908
5	41261488	4005
5	41964019	4250
5	42721928	4399
5	43412441	4422
5	44066781	4422
5	44820478	5397
5	45896020	8707
5	50443298	4856
5	51275784	4519
5	52081037	3184
5	52581156	4072
5	53207226	4290
5	53881101	4422
5	54546635	4102
5	55227365	4657
5	56067422	4624
5	56772353	4704
5	57617481	3579
5	58161802	4407
5	58863464	9008
5	60547707	4912
5	61546220	3320
5	62146996	6409
5	63302106	4335
5	63981093	4080
5	64768735	4261
5	65587599	5605
5	66572596	4318
5	67270232	4402
5	67902650	3663
5	68530057	7448
5	71756351	4528
5	72660719	4658
5	73583427	4946
5	74340202	4071
5	75052893	4940
5	75911917	3087
5	76377199	4578
5	77166959	4852
5	77946488	4532
5	78770071	4462
5	79562896	7806
5	80876510	4664
5	81751847	4499
5	82587461	10197
5	84490815	4681
5	85238124	4207
5	85849249	4827
5	86663300	5819
5	87733319	4009
5	88498747	4043
5	89466448	4656
5	90409836	7296
5	91844579	4900
5	92844054	5363
5	94111749	5398
5	95284625	3209
5	95874569	4980
5	96808150	4370
5	97449791	4293
5	98026189	4691
5	98833761	4483
5	99594790	7354
5	100903316	4561
5	101582178	4721
5	102296599	4589
5	103031155	6937
5	104260876	12237
5	106544380	4269
5	107195382	3594
5	107810974	4432
5	108594017	4020
5	109196891	4727
5	109885473	5697
5	110765211	4254
5	111494936	3495
5	112017359	7270
5	113021020	4132
5	113595335	7455
5	114668460	4940
5	115403012	4582
5	116078620	4435
5	116591448	3257
5	117038619	5442
5	117779582	3631
5	118284832	4156
5	118785509	4991
5	119653050	4912
5	120404887	4768
5	121061003	4822
5	121671922	4685
5	122479137	7063
5	123637453	4930
5	124460599	4339
5	125149979	4909
5	125863243	4980
5	126627302	3625
5	127229859	4859
5	128189738	7993
5	129397197	4027
5	130186684	4091
5	131008792	4950
5	132063254	4845
5	133026654	4101
5	133720984	4517
5	134583280	4628
5	135535999	4125
5	136188797	4258
5	136969356	4260
5	137810801	4831
5	138935084	4956
5	140173101	4020
5	141098753	4786
5	141942097	4891
5	142761048	4189
5	143562598	3768
5	144170764	4550
5	145005839	4518
5	145835419	3395
5	146512011	4955
5	147387902	4884
5	148215187	4950
5	149063213	4578
5	149855072	4978
5	150759159	4774
5	151492431	5912
5	152496067	4223
5	153223593	4341
5	153899037	4758
5	154705777	7066
5	155845578	5269
5	156767838	4840
5	157575825	4197
5	158278863	4392
5	159117528	10614
5	160938676	4895
5	161751818	4937
5	162623511	4870
5	163437376	4802
5	164234147	5220
5	165171693	6959
5	166382649	4483
5	167168451	7897
5	168617046	4498
5	169301179	4950
5	170109775	4750
5	170814097	3185
5	171457673	4674
5	172284121	4720
5	173052605	4630
5	173809089	4910
5	174562113	4704
5	175291302	4793
5	176199345	4871
5	177098194	4927
5	178166612	4876
5	178818485	4518
5	179378915	4537
5	180087088	4921
5	180686596	4031
6	0	4345
6	780698	5908
6	1606129	5027
6	2482072	4989
6	3179814	4859
6	3855787	4948
6	4602470	4211
6	5260989	4561
6	6007655	4994
6	6655033	6844
6	7612017	10052
6	9161827	6460
6	10211658	4951
6	10979370	4857
6	11710010	5570
6	12585454	4844
6	13487712	4945
6	14393338	4166
6	15104180	3284
6	15663108	4312
6	16295599	4756
6	17131422	3526
6	17737606	4971
6	18468924	4211
6	19144210	4853
6	19840734	4001
6	20493765	6127
6	21598669	4584
6	22368378	4952
6	23125137	3491
6	23649824	4533
6	24166424	4546
6	24786149	3317
6	25273801	4962
6	26043707	4756
6	26956604	4867
6	27865848	4855
6	28732954	4211
6	29331111	4779
6	29797861	4225
6	29972514	4482
6	30359961	4794
6	30900206	4403
6	31223143	4781
6	31357687	4979
6	31777344	4919
6	32407178	4800
6	32647112	3858
6	32763584	4567
6	33097345	4690
6	33746955	4216
6	34246281	4879
6	35091463	4636
6	35921392	4967
6	36840052	4113
6	37571510	3587
6	38154674	3072
6	38715267	4050
6	39314603	4012
6	40000283	4877
6	40715413	4495
6	41406611	4704
6	42217915	4955
6	43224637	7222
6	44553331	6629
6	45664399	4782
6	46532808	4784
6	47369280	4814
6	48214844	4983
6	49078101	4710
6	49964155	4962
6	50847663	4023
6	51537593	4508
6	52284931	4971
6	53100923	4969
6	53924171	3977
6	54625538	4482
6	55282670	4679
6	55940674	3217
6	56433263	3187
6	57222364	3049
6	57913961	3316
6	58438414	4250
6	60874692	6045
6	61574452	6256
6	62611377	6132
6	63612953	12688
6	65707275	3004
6	66094959	4920
6	66728954	4181
6	67210530	4919
6	67934732	4874
6	68598443	4421
6	69389561	3046
6	69797161	4969
6	70609384	3650
6	71182768	3064
6	71652661	4416
6	72403193	4445
6	73198901	5048
6	74004862	5064
6	74734329	6941
6	76092990	4477
6	76775910	4565
6	77496721	3037
6	77927024	4147
6	78606086	4784
6	79437217	4037
6	80070249	3138
6	80557239	8501
6	81752824	3416
6	82370878	4829
6	83198982	4405
6	84090931	3879
6	84764569	4997
6	85427175	4542
6	86214626	4314
6	86768982	4396
6	87512386	4370
6	88277039	4850
6	89118131	4332
6	89921810	3695
6	90587095	4786
6	91393050	4393
6	92119683	4415
6	92790715	4418
6	93419597	6014
6	94443859	6198
6	95504546	4998
6	96215662	5573
6	97140804	6058
6	98399922	6828
6	99642397	6853
6	100883037	9773
6	102453842	3213
6	103003947	4193
6	103583318	3052
6	104019798	4666
6	104859969	4234
6	105668048	4002
6	106359767	4785
6	107051392	4352
6	107824367	4867
6	108787103	3905
6	109483287	4894
6	110358322	4202
6	111047571	4293
6	111901901	4534
6	112826520	4280
6	113650124	6061
6	114867026	3564
6	115358802	4723
6	116249547	4468
6	117060849	3914
6	117710690	3963
6	118455042	5339
6	119349811	4050
6	120015307	4366
6	120686792	4924
6	121449777	4214
6	122211861	3768
6	122860038	4796
6	123637143	7084
6	124825707	3402
6	125445233	4986
6	126603699	4877
6	127591867	5975
6	128761858	6307
6	129861597	4563
6	130574162	4241
6	131283585	4939
6	132131845	6184
6	133150866	4186
6	133895603	4512
6	134707399	4850
6	135716105	4031
6	136552604	3397
6	137219499	4839
6	137996197	4638
6	138793369	4822
6	139615254	4924
6	140683933	4964
6	141636553	4140
6	142446316	4775
6	143387459	4900
6	144257674	3116
6	144853084	5679
6	145737268	4048
6	146555015	4195
6	147408331	4828
6	148137454	3334
6	148648647	4614
6	149411663	4817
6	150250407	4102
6	150843715	5317
6	151621243	6081
6	152637851	4765
6	153420622	3670
6	153939042	4805
6	154707845	4579
6	155455953	3054
6	155946929	4679
6	156774712	3037
6	157366973	4705
6	158099226	4959
6	158857682	4935
6	159589219	3987
6	160277688	6111
6	161274111	13688
6	163324580	4932
6	164085711	4913
6	164831680	3620
6	165309657	7333
6	166383063	4290
6	166999115	4827
6	167679320	4998
6	168319804	4910
6	168964391	4946
6	169702098	6610
7	0	4980
7	525282	4162
7	989690	5864
7	1748004	4292
7	2251196	4471
7	2844374	3041
7	3198306	8772
7	4269050	4956
7	4883769	4449
7	5425464	4769
7	6093135	4780
7	6826820	7096
7	7620593	5397
7	8344566	7178
7	9189907	4560
7	9769563	3618
7	10223061	6608
7	11169680	5086
7	11832248	3713
7	12243417	3894
7	12700939	11146
7	14071430	6309
7	14974827	5860
7	15842410	4942
7	16581618	4604
7	17205978	5298
7	18027913	5492
7	19002466	6311
7	19818140	4668
7	20415804	7075
7	21514872	3488
7	21946134	4978
7	22732052	4980
7	23586405	4721
7	24291915	4325
7	24981684	3738
7	25551112	4776
7	26376751	7279
7	27663045	3449
7	28279750	4158
7	28959395	3839
7	29563720	4860
7	30412552	4016
7	31111529	3679
7	31708505	3752
7	32299379	4663
7	33006981	7551
7	34297648	4130
7	34892599	4958
7	35699463	6588
7	36841423	4622
7	37586379	4838
7	38335564	3955
7	38932444	4996
7	39868190	5913
7	41133557	6497
7	42237920	4346
7	42949008	4662
7	43807392	4975
7	44824614	4322
7	45542232	4799
7	46294519	5144
7	47079178	6427
7	48108783	7782
7	49254866	3513
7	49762814	4515
7	50565507	6977
7	51716972	4186
7	52269619	5322
7	52897857	7675
7	53947794	3841
7	54420378	3930
7	54938234	4849
7	55678540	4989
7	56526163	4318
7	57275247	3591
7	57837096	8017
7	62275728	5851
7	63011619	4763
7	64078599	4862
7	64769151	4966
7	65814825	4073
7	66607157	4826
7	67334433	3139
7	67770518	3859
7	68288283	3030
7	68724098	5360
7	69597498	5788
7	70838063	5526
7	71713650	4792
7	72447201	4921
7	73672162	4736
7	74633934	4635
7	75888976	3732
7	76650947	7104
7	77995221	9875
7	79471258	4566
7	80312506	3757
7	80974774	4965
7	81770488	4108
7	82443848	4083
7	83162980	3126
7	83664675	5075
7	84492774	4537
7	85381425	4749
7	86217783	4825
7	87111332	3804
7	87909591	4017
7	88756775	4600
7	89494312	5401
7	90322642	5317
7	91210640	4587
7	92180775	4743
7	93226574	4290
7	94077207	3566
7	94834497	3984
7	95613769	3970
7	96377970	4237
7	97201533	4897
7	97973035	4956
7	98794874	4934
7	99820136	4981
7	100928590	4733
7	101629346	7632
7	103280460	5799
7	104208097	4841
7	104926695	7539
7	106315793	3819
7	106907195	4494
7	107803275	4613
7	108614317	3866
7	109326365	3823
7	109999674	3412
7	110534804	4747
7	111562567	4859
7	112491112	4901
7	113451452	3223
7	114075970	4303
7	115019252	4255
7	115833423	4953
7	116798436	4420
7	117874189	3541
7	118496221	3657
7	119179199	4843
7	120186114	3807
7	120977266	7099
7	122310741	4833
7	123230791	3793
7	124027709	4745
7	124790739	9853
7	126424235	4615
7	127296253	4792
7	128257678	4847
7	129095861	4680
7	129952999	4611
7	130843775	6762
7	132088042	6054
7	133170564	4952
7	134264641	4500
7	134970778	4549
7	135748896	4591
7	136488367	4861
7	137354533	4473
7	138188179	4908
7	138981368	3057
7	139545034	4856
7	140426300	3050
7	141052459	4125
7	141888142	4990
7	142753126	4752
7	144008843	4963
7	145040991	6435
7	146050416	15890
7	148421048	4999
7	149322142	4813
7	150076705	4961
7	150861554	3743
7	151520170	3896
7	152122397	3949
7	152855428	4587
7	153449925	9837
7	154894335	4450
7	155457149	3558
7	155966393	3449
7	156435883	4612
7	157111122	3246
7	157527375	7497
7	158587838	4837
8	0	3449
8	545831	10942
8	1708524	3125
8	2035637	6903
8	2822532	32269
8	4995022	4552
8	5363700	4547
8	5716854	7359
8	6257587	5079
8	6708259	4905
8	7290452	4363
8	8582705	4820
8	9116796	3158
8	9457468	3833
8	9905416	4806
8	10482024	3302
8	10859486	4787
8	11474765	4929
8	12015243	5764
8	13044506	5084
8	13604660	5104
8	14023472	12194
8	15238389	7184
8	16000374	4462
8	16567540	4923
8	17149839	3673
8	17570623	4583
8	18029994	3412
8	18401268	8783
8	19396268	4280
8	19967308	4196
8	20551455	5869
8	21309499	4915
8	22036947	3901
8	22684059	3812
8	23296329	6040
8	24177130	4845
8	25009827	4991
8	25840185	3420
8	26372730	4676
8	27010796	4502
8	27697576	4749
8	28490368	4426
8	29350718	4917
8	30198098	4200
8	30984371	3549
8	31598254	7285
8	32768009	3768
8	33600156	4136
8	34346781	3349
8	34864848	4777
8	35796600	4671
8	36988462	4834
8	37983423	4664
8	38988712	4559
8	40016441	3751
8	40520208	4924
8	41309547	4973
8	42139802	4760
8	43123484	3778
8	43673125	3043
8	46028942	4853
8	46638936	3184
8	47198911	4974
8	48385099	4573
8	49228975	3956
8	49907496	7217
8	51015215	5148
8	51809495	4501
8	52565557	4360
8	53251747	4984
8	54130910	4358
8	54871770	4200
8	55542104	4582
8	56320826	4323
8	56993894	4405
8	57591609	6444
8	58659894	4726
8	59456060	4161
8	60142192	4424
8	60967825	7334
8	62144819	4972
8	63014731	3107
8	63609650	4650
8	64583678	4004
8	65378161	4692
8	66197365	3670
8	66962640	6948
8	68293868	4765
8	69130395	4947
8	69987747	4029
8	70790421	4308
8	71592075	4497
8	72251615	4615
8	73063111	4729
8	73915060	3609
8	74548667	6167
8	75566893	4022
8	76265782	6951
8	77537340	3931
8	78153963	3888
8	78840572	4876
8	79666225	4937
8	80585823	4687
8	81533325	4333
8	82292429	7061
8	83408950	5013
8	84140333	4517
8	84980597	4706
8	86154278	3959
8	86818608	7111
8	88019163	4713
8	88808958	3874
8	89415121	3645
8	90095525	4891
8	91087145	4690
8	92144485	4332
8	93029889	4904
8	93974826	6674
8	95156734	4248
8	95810186	4383
8	96611830	4705
8	97625129	6818
8	99013094	4902
8	100145850	4942
8	101076301	3449
8	101669776	4780
8	102452533	6020
8	103481669	6539
8	104589074	7499
8	106060574	3798
8	106770295	4550
8	107498105	3877
8	108132164	3877
8	108787665	4347
8	109566046	4953
8	110632444	7023
8	112148875	6798
8	113437149	9212
8	114791979	8085
8	116403807	4774
8	117313711	4241
8	118111903	4963
8	118952250	4791
8	119712195	3745
8	120372086	4064
8	121119804	4800
8	121904323	4759
8	122781121	4820
8	123658620	4786
8	124487964	3344
8	125022333	4916
8	125951299	4867
8	126713465	4939
8	127482189	4624
8	128220853	4685
8	128966051	4752
8	129786938	3696
8	130443710	4731
8	131144931	7139
8	132111209	4208
8	132848857	10090
8	134320497	4240
8	134979329	4510
8	135742545	5456
8	136529926	3537
8	137105508	9435
8	138496872	4369
8	139128003	4018
8	139703106	4758
8	140458629	4989
8	141327187	4561
8	141968891	4877
8	142614522	4628
8	143298111	4995
8	144118365	5267
9	0	5870
9	746156	5314
9	1329037	7531
9	2229291	4956
9	2844291	5511
9	3691864	5273
9	4348442	4541
9	4945952	4047
9	5589044	7082
9	6707830	3741
9	7175698	6461
9	7961130	22083
9	10612773	3157
9	11013146	4942
9	11618671	5663
9	12300501	4355
9	12885467	3485
9	13487561	4962
9	14069467	4411
9	14722767	4891
9	15362184	6176
9	16276363	3961
9	16870893	7370
9	17797179	7695
9	18911000	3805
9	19464574	3125
9	19958197	4168
9	20622593	4974
9	21396396	6790
9	22455790	6968
9	23438750	3448
9	23956494	3680
9	24592043	3891
9	25089201	7129
9	26118458	4787
9	26892854	7107
9	27944547	5195
9	28670336	4188
9	29319002	3759
9	29826761	4952
9	30575062	4280
9	31167030	3514
9	31645210	4910
9	32293742	4495
9	33076709	4760
9	33920454	4936
9	34895828	4997
9	36003917	3929
9	36823649	3581
9	37503747	4857
9	38376480	4991
9	40358732	4980
9	42354504	4950
9	61662740	4927
9	64498795	4894
9	67329454	4828
9	69100228	7150
9	70414674	5818
9	71446954	4705
9	72365285	3917
9	73170443	3582
9	73873347	4304
9	74693227	6294
9	75724625	4349
9	76394567	4378
9	77073345	3857
9	77648357	3509
9	78330143	4745
9	79145724	4848
9	79990114	6782
9	80871345	6421
9	81977139	4995
9	83063227	4901
9	83921515	4229
9	84604475	3126
9	85160000	4868
9	86100223	4683
9	86947239	4890
9	87708683	4829
9	88478744	4356
9	89178817	4314
9	89821803	4352
9	90433555	4864
9	91182812	4842
9	91950212	4425
9	92764862	4888
9	93566157	4681
9	94360998	4257
9	95087268	4884
9	96028015	4418
9	96875673	7165
9	98255771	4084
9	98891987	4686
9	99866941	4172
9	100732405	4964
9	101563394	7730
9	102657564	7449
9	103689627	4389
9	104329446	4117
9	104991831	5326
9	105851475	4917
9	106740925	4382
9	107535212	4564
9	108254870	4300
9	108857017	3972
9	109534382	4600
9	110256690	4985
9	111038508	4725
9	111839984	4838
9	112669447	4597
9	113429734	3831
9	114099341	4541
9	114848635	3402
9	115402694	5569
9	116402372	5910
9	117415120	4107
9	118083432	3828
9	118764395	4040
9	119524175	4959
9	120580220	4131
9	121520474	4900
9	122395753	4362
9	123268626	4056
9	124033351	4380
9	124877783	4011
9	125746602	4639
9	126520823	4663
9	127503551	4793
9	128437401	4658
9	129370511	4901
9	130140219	4610
9	130887725	4078
9	131558670	4660
9	132406901	4670
9	133228641	4046
9	133740005	4671
9	134295447	4867
9	134943245	4812
9	135567005	4764
9	136205159	4773
9	136860849	4426
9	137590540	3394
10	0	7178
10	1164722	4419
10	1737526	4787
10	2315125	4765
10	2936491	4737
10	3537081	4070
10	4089063	3847
10	4678204	4647
10	5218999	4643
10	5842182	3937
10	6352812	4294
10	6920522	4341
10	7536615	4424
10	8162242	4010
10	8724338	3401
10	9287107	9760
10	10795030	4007
10	11398842	6290
10	12328439	3726
10	12835595	4859
10	13530312	6763
10	14462192	4628
10	15168743	4158
10	15860570	4190
10	16522055	4805
10	17237643	6146
10	18043342	6694
10	18941003	6153
10	19790451	5477
10	20547472	4974
10	21394642	4221
10	22454274	5126
10	23442440	9271
10	25062329	4563
10	25732985	3871
10	26304608	4486
10	26944468	4322
10	27542287	4863
10	28334536	3558
10	28899534	3175
10	29318378	3847
10	29891517	4805
10	30629812	4776
10	31529864	4843
10	32394715	4716
10	33116722	5116
10	33917854	4876
10	34815375	4639
10	35800970	4520
10	36524284	4993
10	37384161	4629
10	38092101	4817
10	38783158	11795
10	42149599	4440
10	42874110	4778
10	43617953	4964
10	44261863	4989
10	44995941	4944
10	45793011	4208
10	47002538	4877
10	48439410	4616
10	49188635	4561
10	50010549	4994
10	50963408	8372
10	52314178	9595
10	53766664	12100
10	55627992	6162
10	56596081	5966
10	57304609	4826
10	57983043	4963
10	58869578	6024
10	59960963	4757
10	60733540	4305
10	61482006	4882
10	62304083	4917
10	63125587	4805
10	63990618	7481
10	65315020	3285
10	65768885	12897
10	67696219	4743
10	68544883	4903
10	69416917	4910
10	70132984	4918
10	70881223	3466
10	71363435	4707
10	72089082	4090
10	73097024	4881
10	74151113	5615
10	75411892	7249
10	76835552	7243
10	78178236	3231
10	78697072	4738
10	79445677	4877
10	80126367	6479
10	81137385	11114
10	82987229	4730
10	83675489	5482
10	84561313	6973
10	85557486	4846
10	86366543	4820
10	87191518	4069
10	88049873	4537
10	88877594	4896
10	89650872	3366
10	90164010	4869
10	90921326	4555
10	91767246	4211
10	92710658	4695
10	93482367	4805
10	94363009	4384
10	95069547	3895
10	95694193	4703
10	96513968	4922
10	97457420	5236
10	98446997	4399
10	99235912	4793
10	100140201	4991
10	101137839	4646
10	102241524	4778
10	103290401	6420
10	104617023	3943
10	105265285	3179
10	105819247	4857
10	106551171	5611
10	107461719	4953
10	108197899	4775
10	108849611	4122
10	109529058	4346
10	110305001	7295
10	111498991	4834
10	112305085	4344
10	113167728	4914
10	114046958	4894
10	114977726	4539
10	115949042	3963
10	116645193	4698
10	117572507	4225
10	118365153	4996
10	119178883	4780
10	119997759	3473
10	120600174	3978
10	121186016	4716
10	121975267	4919
10	122699872	4697
10	123517758	4028
10	124093657	4882
10	124836720	7005
10	126009642	5080
10	126779824	4811
10	127452567	6448
10	128320264	6895
10	129291772	4694
10	129963891	3937
10	130505251	6791
10	131311771	4679
10	131895347	4955
10	132518241	4685
10	133145354	3697
11	0	4866
11	812930	4976
11	1462739	4266
11	2171927	4999
11	2861618	3602
11	3422546	4993
11	4138926	4929
11	4655538	4697
11	5245597	3713
11	5645839	4935
11	6298656	4904
11	7090950	3954
11	7677272	4830
11	8268766	4397
11	9004099	3971
11	9753041	3687
11	10307447	6063
11	11240330	4964
11	11959373	4127
11	12541017	3784
11	13152398	4761
11	13924913	4317
11	14892302	4569
11	15758948	4551
11	16756931	4459
11	17544466	4977
11	18452108	5085
11	19308408	4954
11	20121648	3550
11	20659335	6102
11	21575731	4294
11	22117051	4782
11	22945443	7334
11	23893607	4390
11	24456060	4908
11	25082681	4284
11	25631091	5752
11	26288057	4666
11	26996171	4596
11	27891083	3424
11	28683519	4822
11	29594345	4249
11	30368696	4580
11	31431899	4499
11	32343459	4857
11	33191648	4916
11	34101206	3782
11	34743249	4991
11	35530350	6914
11	36697917	6542
11	37702270	3396
11	38212849	3207
11	38674291	3531
11	39261263	5227
11	40112649	8150
11	41459823	5854
11	42253762	5060
11	42940048	3811
11	43523314	4556
11	44310216	4252
11	44978078	4787
11	45825308	4253
11	46918692	4373
11	47905657	4571
11	48628543	4295
11	49208720	7799
11	50422366	6825
11	54725866	6072
11	55271169	4963
11	55812526	4773
11	56413730	4274
11	57056182	4402
11	58005755	4777
11	58796904	4993
11	59669030	4603
11	60542771	4916
11	61508707	7753
11	63048176	4791
11	63911069	4812
11	64997095	4626
11	66069669	4818
11	67312657	4939
11	68121494	4745
11	69018497	4848
11	69775453	4548
11	70436634	4258
11	71252627	4886
11	71863708	4536
11	72674641	4969
11	73761187	4958
11	74685555	4696
11	75669170	4871
11	76630477	4863
11	77477080	5423
11	78574924	4812
11	79440998	3283
11	79989680	6395
11	80957684	6065
11	81842719	5426
11	82718132	3471
11	83423566	12459
11	85627972	4605
11	86423159	4093
11	87025827	4626
11	87648599	4767
11	88337837	4595
11	89065995	4792
11	90192944	7016
11	91383339	6150
11	92336546	4990
11	93288953	4853
11	94182022	4955
11	95027646	4903
11	95925365	4872
11	96713872	3711
11	97260037	4263
11	97942812	7587
11	98945129	10748
11	100358935	5633
11	101209641	4586
11	101872612	4987
11	102727100	4935
11	103479913	4918
11	104252701	4476
11	105139776	4998
11	106132166	4908
11	107018574	4409
11	107738768	4387
11	108593788	3495
11	109263614	4907
11	110296772	4970
11	111179691	4797
11	112224749	3084
11	112795904	4001
11	113475741	4900
11	114356621	4414
11	115128423	4088
11	115943045	4610
11	116658302	4465
11	117413318	4874
11	118121940	4988
11	119093599	7968
11	120489986	4965
11	121362915	3301
11	122004501	4591
11	122872689	4869
11	123627824	4955
11	124358519	4395
11	125139637	6869
11	126278181	4880
11	127053603	3595
11	127657927	3825
11	128241491	4167
11	128943449	4797
11	129788240	4736
11	130544906	5414
11	131350967	6523
11	132404110	7425
11	133532569	4693
11	134319614	6065
12	0	4505
12	684177	4795
12	1507368	3028
12	1936624	5786
12	2941190	4450
12	3594023	4727
12	4379778	6607
12	5521586	4718
12	6270475	4707
12	7158995	4915
12	7936325	4419
12	8679720	4342
12	9414901	4719
12	10223180	3756
12	10802677	4675
12	11514186	4581
12	12289379	6150
12	13387217	4915
12	14192334	4602
12	15006733	4634
12	16037332	4727
12	16989986	4204
12	17711096	6183
12	18648466	4248
12	19376450	4852
12	20009987	4849
12	20753436	4966
12	21419644	3464
12	22008930	3296
12	22690715	3088
12	23251549	3719
12	23951082	4867
12	24774263	4160
12	25404478	4441
12	26079942	4397
12	26833248	4823
12	27695614	4864
12	28581561	3805
12	29148725	3995
12	29784809	4296
12	30321667	4915
12	31006060	4964
12	31792291	4516
12	32396197	3946
12	32987120	4790
12	33718267	3630
12	34250008	7683
12	37576434	5452
12	38079049	3636
12	38589862	4970
12	39467395	4836
12	40369335	4594
12	41072468	4774
12	41765631	4691
12	42590405	3654
12	43163160	3922
12	43806425	3992
12	44499208	3333
12	45117938	4241
12	46004735	4754
12	46876209	4902
12	47593490	4462
12	48328522	4888
12	49274653	4790
12	50283596	4950
12	51324718	4797
12	52223854	4938
12	52886435	4351
12	53816529	4882
12	54803639	4366
12	55427242	4735
12	56413240	4994
12	57586682	4295
12	58395188	3929
12	59064288	3950
12	59812626	3545
12	60419343	7653
12	61600893	4370
12	62417481	4296
12	63150992	4585
12	63823945	4645
12	64881082	3696
12	65663349	3189
12	66293037	4944
12	67132255	3607
12	67753867	4912
12	68576186	6618
12	69738618	4504
12	70434342	4270
12	71118297	4341
12	71927298	3992
12	72728894	3021
12	73208367	4553
12	74045878	4102
12	74728901	4091
12	75511686	4747
12	76348492	4970
12	77228743	6069
12	78213058	3259
12	78808549	3792
12	79550585	6102
12	80770767	5700
12	81759603	4517
12	82515867	3649
12	83172790	3517
12	83661769	4088
12	84294612	3876
12	84939718	4905
12	85883042	7651
12	87170479	4529
12	87950869	4785
12	89019729	4727
12	90112829	4984
12	91058033	4406
12	91906237	4485
12	92708599	4810
12	93641636	4865
12	94462534	4888
12	95217532	4877
12	95968766	3238
12	96485492	4678
12	97276259	4235
12	97995498	3307
12	98606429	7104
12	99984704	3391
12	100628336	4885
12	101466870	3787
12	102062199	4942
12	102960566	4671
12	103768908	3655
12	104350355	4806
12	105107229	3888
12	105744112	3542
12	106347065	4541
12	107271896	3845
12	107912670	4919
12	108731646	4924
12	109598167	4977
12	110583370	4944
12	111817579	4950
12	113017801	4517
12	113789857	4854
12	114505237	3865
12	115080203	4878
12	115799986	4470
12	116603635	4808
12	117452220	4270
12	118145634	4228
12	118908980	4245
12	119681680	4863
12	120667374	4466
12	121399946	4522
12	122266571	7181
12	123761805	4905
12	124593741	3890
12	125164968	4606
12	125901533	3845
12	126524676	4337
12	127146582	7624
12	128244623	5513
12	129016713	6214
12	129903716	4669
12	130517967	4688
12	131141519	4744
12	131815418	4519
12	132460074	5479
13	0	4739
13	18808068	4453
13	19263923	3922
13	19863686	4293
13	20525907	4786
13	21295053	6357
13	22276574	4621
13	22932049	4951
13	23502924	3000
13	23946832	3468
13	24401079	6760
13	25366205	4410
13	26051081	4712
13	26760835	4715
13	27488282	7489
13	28778498	4589
13	29505997	4721
13	30196931	4536
13	30996188	4990
13	31803438	4859
13	32788228	4954
13	33676818	3418
13	34263140	3660
13	34928126	3901
13	35699306	4620
13	36490491	3941
13	37221296	4359
13	37870475	4292
13	38617990	3602
13	39221977	3875
13	39857277	4701
13	40666647	4276
13	41470932	4773
13	42323317	4992
13	43159516	4769
13	44030511	3855
13	44809680	4505
13	45732406	4337
13	46505486	4621
13	47307351	4890
13	48002602	4368
13	48771877	6592
13	49936540	4607
13	50849955	4140
13	51565559	4767
13	52500245	4237
13	53258422	6584
13	54441365	4613
13	55174598	4744
13	56000498	3905
13	56885652	4139
13	57729361	4247
13	58527801	5924
13	59480182	4805
13	60322816	4119
13	60941818	3569
13	61427996	4037
13	62029598	4700
13	62732409	3593
13	63328144	4833
13	64076061	5369
13	64959446	7277
13	66270508	5127
13	67230495	4177
13	67903271	4506
13	68694131	4934
13	69408785	5065
13	70139479	3029
13	70564487	4793
13	71297285	3233
13	71914228	4560
13	72586860	3923
13	73227310	4656
13	73995106	3614
13	74565495	3762
13	75252062	5571
13	76135275	4857
13	76958692	4428
13	77834000	5053
13	78659229	4477
13	79424378	4528
13	80369584	4459
13	81115345	3497
13	81691122	6354
13	82824186	3218
13	83298217	4167
13	84020812	3100
13	84563286	3409
13	85078970	4748
13	85799538	3243
13	86277312	3866
13	86937158	4920
13	87892522	4399
13	88630447	4814
13	89363274	3971
13	89992928	4822
13	90781919	3545
13	91354629	10231
13	93057976	7569
13	94407451	3874
13	95019386	6099
13	96053532	4840
13	96994780	4838
13	97902338	4968
13	98672328	4613
13	99409112	6711
13	100675143	5015
13	101416542	5584
13	102402507	6748
13	103445018	8824
13	104815119	4646
13	105505731	4525
13	106155540	4796
13	106942611	5974
13	107866785	4201
13	108481867	4904
13	109208057	4871
13	109915470	4872
13	110561783	4876
13	111305787	4771
13	112106932	4215
13	112684547	4408
13	113364198	6774
14	0	4918
14	19936807	4941
14	20609934	4896
14	21351351	4902
14	22066423	4999
14	22773091	4582
14	23645689	4747
14	24442955	4537
14	25127048	4649
14	25822791	4277
14	26597804	3003
14	27160470	4139
14	27845336	4238
14	28490412	4712
14	29476962	4461
14	30373165	4343
14	31244911	4564
14	32018735	4885
14	32882880	5677
14	33804226	4942
14	34556439	4919
14	35389119	4340
14	36235658	7049
14	37579175	4018
14	38311980	6818
14	39513830	5802
14	40386844	4369
14	40975927	3846
14	41604906	4478
14	42268636	4781
14	42989533	4425
14	43592312	5159
14	44384595	7032
14	45716002	5726
14	46651871	5777
14	47675004	4972
14	48341382	4938
14	49077555	4428
14	49913810	4967
14	50831171	3950
14	51437013	4843
14	52156229	4925
14	52952485	4201
14	53687308	4533
14	54539359	4780
14	55411908	6328
14	56345051	3074
14	56810529	3632
14	57493917	3633
14	57994575	3812
14	58795079	3747
14	59371455	4906
14	60299137	3326
14	61083783	4269
14	61796478	4877
14	62515173	7824
14	63848412	3950
14	64596586	4436
14	65335233	4980
14	66177685	6034
14	67181853	3783
14	67816640	4701
14	68730268	4524
14	69574887	4180
14	70291909	3952
14	70907161	5750
14	71908480	4691
14	72595175	4959
14	73477225	4510
14	74262788	4955
14	75292545	4270
14	76084635	4704
14	76826296	4874
14	77616823	3081
14	78060328	10359
14	79868340	3322
14	80455519	4789
14	81260289	4755
14	82030399	5797
14	83039652	6950
14	84173656	4805
14	84999346	3755
14	85654476	5115
14	86401335	3752
14	86989175	4311
14	87655344	4480
14	88326957	4009
14	89111273	7867
14	90491687	4592
14	91253975	4118
14	91948037	4848
14	92689044	3882
14	93333142	4776
14	94130303	4616
14	94801513	4786
14	95475886	4560
14	96093939	4354
14	96790663	4797
14	97581651	4349
14	98205193	4821
14	98845647	4984
14	99625790	3995
14	100330428	4563
14	101072987	4144
14	101732572	4856
14	102583227	4930
14	103345075	4878
14	104180944	4946
14	104831221	4986
14	105722577	7819
15	0	4693
15	22617904	4682
15	23562181	4768
15	24169998	4893
15	24683443	5201
15	25439106	7283
15	26446824	3266
15	26970435	4297
15	27685818	4583
15	28859057	4615
15	29611262	4973
15	30900377	3390
15	31454189	4953
15	32697148	4802
15	33310709	4034
15	33866171	7534
15	35169748	3859
15	35926973	4048
15	36572262	3599
15	37255002	4862
15	38073009	4513
15	38853482	4665
15	39599516	4967
15	40565107	4891
15	41513937	3793
15	42156686	4963
15	43354605	4802
15	44711366	4520
15	45586354	4051
15	46351796	5095
15	47134172	4071
15	47846286	4848
15	48963494	4190
15	49796147	4858
15	50686865	4709
15	51622883	3746
15	52295848	5097
15	53129748	5762
15	53976958	4639
15	54633464	4364
15	55197117	3489
15	55743140	4743
15	56465187	4572
15	57323958	3182
15	57782812	8101
15	59097469	4330
15	59769196	4011
15	60402933	4755
15	61240381	3926
15	61852202	3212
15	62388925	4987
15	63158071	4975
15	64072083	4910
15	65133886	3458
15	65892041	4845
15	66685844	4698
15	67542654	4536
15	68432212	4423
15	69298813	4628
15	70098226	4879
15	71064039	4496
15	71818309	4663
15	72900310	4471
15	73770663	4966
15	74756252	7516
15	76342526	4962
15	77485657	3265
15	77963704	4746
15	78750157	4606
15	79472340	4709
15	80138443	3996
15	80755671	3026
15	81324233	4362
15	82097744	3974
15	82836158	3502
15	83618793	4667
15	84806482	3056
15	85330384	4491
15	85959021	8239
15	87029102	4542
15	87703902	4939
15	88568612	4931
15	89334911	4412
15	90133495	4957
15	90963175	4854
15	91744005	4797
15	92468778	4605
15	93089254	4195
15	93569533	6576
15	94600871	7278
15	95825501	5762
15	96842434	4684
15	97560752	3452
15	98021827	4841
15	98647421	4945
15	99431078	3003
15	99877198	4028
15	100342055	3726
15	100846817	3428
15	101295332	4337
16	0	4936
16	719705	4440
16	1148804	4991
16	1795021	4829
16	2474195	4955
16	3357344	4877
16	4130870	7759
16	5220644	28825
16	7894445	4944
16	8376326	4953
16	8885401	6057
16	9676893	4175
16	10222123	4845
16	10841594	3383
16	11351812	4390
16	11926357	6664
16	12611094	4993
16	13240463	4029
16	13779810	4912
16	14824752	4958
16	15888675	4382
16	16953518	3505
16	17541035	4740
16	18801728	4517
16	19553458	4815
16	20404787	4995
16	21520494	4817
16	22813730	4887
16	23677505	4865
16	24495227	5483
16	25454697	4415
16	26137738	3749
16	26729176	4892
16	27453443	4979
16	28591840	4976
16	29899597	4709
16	31231587	4978
16	32846230	3903
16	34371709	4866
16	35284196	3453
16	35904966	4911
16	46689568	4783
16	47971737	4962
16	49066779	4779
16	49935402	4804
16	50901113	4514
16	51671613	4929
16	52547852	4653
16	53384795	4945
16	54270796	4759
16	55008356	4881
16	55706472	4928
16	56591138	4993
16	57385098	4450
16	58083218	3885
16	58706347	3546
16	59167202	3174
16	59755076	4687
16	60523300	3116
16	61056014	4964
16	62037085	4254
16	62808756	4986
16	63754807	4625
16	64600297	3445
16	65176763	4571
16	65938503	4878
16	66801670	4628
16	67980879	4369
16	68835598	4360
16	69754990	4469
16	70686116	4710
16	71724751	5191
16	72665059	3788
16	73294346	4077
16	73941831	4740
16	74701010	4264
16	75286850	6537
16	76262415	4844
16	76928219	4389
16	77444386	5702
16	78066811	14114
16	79229503	3549
16	79620160	3770
16	80045795	4612
16	80563185	9819
16	81711812	4517
16	82192840	3340
16	82575260	12422
16	83819787	4592
16	84261099	4502
16	84667736	4399
16	85149493	4766
16	85751179	4578
16	86293439	7340
16	87064041	3335
16	87515685	4990
16	88077368	4924
16	88663211	4785
16	89195542	7295
17	0	4275
17	792559	4419
17	1301037	4370
17	1900132	4890
17	2749554	4918
17	3424120	4101
17	3981949	4939
17	4746169	4731
17	5490864	4616
17	6124477	4864
17	6831811	4730
17	7657818	4484
17	8397876	4783
17	9244050	4218
17	9905671	4656
17	10657359	3063
17	11157797	4868
17	11997560	3892
17	12642904	6525
17	13601977	4981
17	14297650	4984
17	14948248	4709
17	15684361	4862
17	16617931	4944
17	17457309	4830
17	18506363	4618
17	19748993	4605
17	20785775	4976
17	22056805	3502
17	22705735	4958
17	27348541	4921
17	28417542	4793
17	29551954	4507
17	30702825	4930
17	31709909	6196
17	32997927	7770
17	34195987	4372
17	34859096	3783
17	35558148	4895
17	36634748	4952
17	37684302	4983
17	39013082	4917
17	40014755	4855
17	40999944	4990
17	41786981	4996
17	42940752	4838
17	44023996	7145
17	45602390	4926
17	46245094	4664
17	47492542	4777
17	48479248	4644
17	49370048	4648
17	50287905	6547
17	51503283	3572
17	52160067	4508
17	52899638	4905
17	53825263	4967
17	54754699	6136
17	55872989	6710
17	57121399	4988
17	57955373	3610
17	58747390	7283
17	60666330	4082
17	61591252	4892
17	62693647	4234
17	63608415	4377
17	64497086	4529
17	65458458	4961
17	66278714	4941
17	67033448	4912
17	67996481	4671
17	68797872	3673
17	69553911	4334
17	70368966	4827
17	71202227	3781
17	71871800	4304
17	72640522	4614
17	73312225	4096
17	73911928	4925
17	74607279	4897
17	75515633	4681
17	76308048	4746
17	77015188	3851
17	77563293	4986
17	78278542	4880
17	78925437	4990
17	79516198	7169
17	80542655	3739
17	81034931	4559
17	81554011	4905
17	82317652	3254
17	82751247	3351
18	0	4658
18	712726	6568
18	1780005	4551
18	2489476	3605
18	3025616	3138
18	3479028	6372
18	4455385	4632
18	5133279	4802
18	5876378	4458
18	6642528	4194
18	7301203	6657
18	8407003	4607
18	9020814	3825
18	9679543	6694
18	10637449	4928
18	11390779	4963
18	12085317	6894
18	13216417	4528
18	13915757	4885
18	14632856	3894
18	15330332	4785
18	21241421	4783
18	22348302	3501
18	23026538	4672
18	23982606	3989
18	24686401	3585
18	25352240	5813
18	26426151	4750
18	27247238	4829
18	28177496	7319
18	29548291	4544
18	30299010	4478
18	31042865	3927
18	31760930	4513
18	32582878	4919
18	33578237	3464
18	34225002	4604
18	35143520	6122
18	36272207	7140
18	37673226	7390
18	39034160	5885
18	40144554	11250
18	42087880	3728
18	42691472	4463
18	43499886	3576
18	44071751	6032
18	45181397	4339
18	45844130	7315
18	47251653	3910
18	47931196	3504
18	48475650	3498
18	49013869	4448
18	49742113	4623
18	50394223	4920
18	51283946	3791
18	51845678	3183
18	52339075	9016
18	53568333	4441
18	54224838	4164
18	54959558	6087
18	56191312	4631
18	57072169	4913
18	57839016	4104
18	58477534	4841
18	59230824	4940
18	59930380	6324
18	60902776	3968
18	61579506	4901
18	62307879	3548
18	62980483	4972
18	63805426	3725
18	64423651	4929
18	65187068	4204
18	65920992	4121
18	66604188	5704
18	67485016	7079
18	68528173	4108
18	69214400	4870
18	69961853	3986
18	70650794	3950
18	71237152	4799
18	71944627	4564
18	72638571	4369
18	73264530	3646
18	73745282	4946
18	74457994	4534
18	75290000	4555
18	75928054	4909
18	76611018	4019
18	77133733	4208
18	77624565	7247
18	78544238	3713
18	79002727	4604
18	79612353	4283
19	0	4890
19	764368	4628
19	1322896	4743
19	1981388	4189
19	2503191	4708
19	3124054	4917
19	3802179	4988
19	4540524	4229
19	5153645	4712
19	5858289	4945
19	6604153	4917
19	7294084	4986
19	8016075	4709
19	8778911	4718
19	9539784	4865
19	10339873	4789
19	11197841	4910
19	12081615	4916
19	13117617	4874
19	14007089	4985
19	14848972	4949
19	15612172	4841
19	16245957	4636
19	17075675	4945
19	17848121	4725
19	18671764	4602
19	19537631	3089
19	20056644	4889
19	20661646	4919
19	21245291	4768
19	21852175	4885
19	22608551	4985
19	23395610	4754
19	24163475	6267
19	27646533	4933
19	28313550	4943
19	29001825	7042
19	30029966	4909
19	30957242	4756
19	31787305	4374
19	32587502	4893
19	33342034	4872
19	34127473	4843
19	34964099	4986
19	35797952	4799
19	36772875	4871
19	37855265	4343
19	38637005	4847
19	39428465	4739
19	40226740	4946
19	41074157	4813
19	42081599	4486
19	42950437	4968
19	43619924	4845
19	44448628	3809
19	45071006	4752
19	45914920	4646
19	46639211	4775
19	47581371	4959
19	48330603	4821
19	49151076	4994
19	50066843	4931
19	50910788	4616
19	51646939	4287
19	52259237	4432
19	52786841	4362
19	53354919	4867
19	53943991	4941
19	54590337	4891
19	55071341	4755
19	55778950	4925
19	56393595	4801
19	57177971	4882
19	58011282	3384
20	0	4999
20	776065	4812
20	1491637	4627
20	2213201	4845
20	3039126	4965
20	3828887	4676
20	4525250	4405
20	5197937	4852
20	5890262	4025
20	6528509	4852
20	7367682	4131
20	8043562	5467
20	8968410	4681
20	9839091	4900
20	10636879	4224
20	11345905	6291
20	12381305	4061
20	12952569	5294
20	13821632	13182
20	16053247	4912
20	16770112	4871
20	17484628	4872
20	18220562	5473
20	19056846	4740
20	19823993	4694
20	20738781	4987
20	21755400	4431
20	22607567	4750
20	23373113	4476
20	23980784	4886
20	24681041	4712
20	25391033	3854
20	26251576	4957
20	29642026	4935
20	30723982	4960
20	31834739	4613
20	32854307	4807
20	33913386	4768
20	35092921	4989
20	36232849	4913
20	37406100	4178
20	38166628	4641
20	39039773	4668
20	39933289	4990
20	40854279	6675
20	42064019	6890
20	43190020	4083
20	43895518	4304
20	44652283	4869
20	45579376	4536
20	46308548	4946
20	47188894	4593
20	47988794	3150
20	48494359	3867
20	49188417	4895
20	50041554	4914
20	50882726	3921
20	51562881	4418
20	52204358	3762
20	52890436	4470
20	53668808	3935
20	54228102	3836
20	54859862	4172
20	55505265	4674
20	56205223	3675
20	56786137	4415
20	57409383	4606
20	58004698	4888
20	58817775	3793
20	59516089	3526
20	60083922	6843
20	61077866	7005
20	61940667	4859
20	62603165	4951
20	63240557	7585
21	0	4481
21	13113840	4971
21	13980487	3335
21	14383534	4183
21	15065986	4451
21	15880119	4586
21	16719207	4296
21	17296646	3960
21	17885658	3734
21	18486649	4767
21	19134473	4225
21	19760178	4240
21	20426256	3518
21	20828672	4473
21	21543379	4333
21	22205382	4253
21	22884050	4156
21	23490774	3855
21	24050336	3736
21	24547992	4768
21	25362481	4812
21	26217431	4847
21	26966563	4472
21	27653541	4073
21	28228717	4793
21	29073847	4354
21	29940083	4992
21	30802477	4985
21	31628650	4380
21	32393076	4931
21	33310237	3026
21	33977741	3977
21	34784936	7288
21	36004717	4839
21	36749967	4659
21	37517500	4800
21	38333471	4436
21	39029178	5901
21	39929447	6474
21	40847189	4897
21	41581369	4563
21	42143503	4648
21	42775559	4931
21	43856392	4816
21	44711630	4772
21	45342040	4989
21	46072298	4498
22	0	4373
22	15915850	4558
22	16592860	4957
22	17353227	4953
22	18024609	4858
22	19479265	4872
22	20204968	4614
22	20964729	3815
22	21982866	4586
22	22520320	4691
22	23164400	4857
22	23784366	4465
22	24528440	4758
22	25252652	3334
22	25729344	4981
22	26514618	4969
22	27224777	4496
22	27801548	4806
22	28789351	4913
22	29698648	4590
22	30574637	4648
22	31388887	7180
22	32498879	4024
22	33137388	5246
22	33922891	4671
22	34591328	4940
22	35295857	4762
22	36166227	4944
22	36878065	4910
22	37633614	4767
22	38570336	4821
22	39385638	4037
22	40335858	4922
22	41468775	4944
22	42446245	4964
22	43187183	4579
22	43892063	4488
22	44498348	4426
22	45010049	4414
22	45624682	4693
22	46357390	3069
22	46738311	4669
22	47373591	4753
22	48048599	3334
22	48451267	4408
22	48898436	3825
22	49266130	4914
22	49890128	6633
X	0	4909
X	3284703	5656
X	3953611	6496
X	4633622	7576
X	5410301	3391
X	5726355	4198
X	6228913	4764
X	6721594	3704
X	7148240	4923
X	7844193	4989
X	8466560	4422
X	8982555	3144
X	9404852	4943
X	9949493	3783
X	10365373	4895
X	11123128	4501
X	11665751	3328
X	12054976	5780
X	12724573	4699
X	13320449	3744
X	13769403	3910
X	14244978	4904
X	14978513	4978
X	15665081	3493
X	16199339	4986
X	16870464	3086
X	17358083	4763
X	18220933	4159
X	18866604	4752
X	19515311	5558
X	20492399	6185
X	21374315	5857
X	22251360	10914
X	23293196	4591
X	23783006	4283
X	24429970	7531
X	25646377	4632
X	26161874	4772
X	26790336	4778
X	27428281	4286
X	27981499	4295
X	28586445	12384
X	30309648	5998
X	31072103	22924
X	33412223	4594
X	33942330	4878
X	34517408	4479
X	35060024	4956
X	35803785	4489
X	36440342	5285
X	37292277	10937
X	38688970	4820
X	39327412	3996
X	39865938	4915
X	40515558	3940
X	41077800	3046
X	41475760	4339
X	42174435	3977
X	42778297	4552
X	43408609	4032
X	44030971	4922
X	44773111	4021
X	45382045	4771
X	46073985	4084
X	46598458	4890
X	47439824	4970
X	48132663	4977
X	48825032	4860
X	49912412	4555
X	50814352	4755
X	51511055	3967
X	52069298	4938
X	52818351	4786
X	53759254	4480
X	54561121	4812
X	55264896	3345
X	55758824	4986
X	56287939	3712
X	56624508	4590
X	57137675	6922
X	57986183	8312
X	62780376	4101
X	63299723	3419
X	63809324	4136
X	64230681	4836
X	64727098	4737
X	65273069	4916
X	65957246	6890
X	66676414	7374
X	67375570	5436
X	68014951	4801
X	68725892	3751
X	69209974	3199
X	69570407	6891
X	70505540	4897
X	71142504	3700
X	71873345	4477
X	72573153	3815
X	73275565	4508
X	73770473	4312
X	74410150	3588
X	74925535	4564
X	75538752	3686
X	75904908	9104
X	76655177	5172
X	77014582	4513
X	77381369	4291
X	78172472	4931
X	78757144	6116
X	79367717	7288
X	80031819	4327
X	80574657	3615
X	81004267	4992
X	81601356	4063
X	82001377	4907
X	82561397	3843
X	82999286	4310
X	83560362	4787
X	84225878	4698
X	84756053	4978
X	85379793	7496
X	86129620	5912
X	86832654	3139
X	87144798	3574
X	87425740	9612
X	88369509	4777
X	88829908	4632
X	89367650	4997
X	90113756	3731
X	90597390	8250
X	91561647	7456
X	92623280	4705
X	93225065	4815
X	93777434	4955
X	94320075	6000
X	95063276	4682
X	95679677	4571
X	96195667	3835
X	96621953	6631
X	97642639	4968
X	98390969	3581
X	98865034	4852
X	99657431	4928
X	100410323	4478
X	101096414	4968
X	101780588	4743
X	102571745	4686
X	103276922	5855
X	104254983	8415
X	105767879	4448
X	106679492	4939
X	107651076	4661
X	108439547	4320
X	109054640	4306
X	109570339	3857
X	110182784	4471
X	110795869	4650
X	111619144	4961
X	112320467	5918
X	112919280	4690
X	113523039	6379
X	114390004	4729
X	115064844	7383
X	116175022	4862
X	116694238	3061
X	116963726	5328
X	117398256	6062
X	117895733	4424
X	118450011	4698
X	119076423	4646
X	119693420	4700
X	120311606	7758
X	121371103	3951
X	121876915	9068
X	122840695	7516
X	123914029	9856
X	125325264	6124
X	126006168	7576
X	126821836	5149
X	127392576	3425
X	127796783	4370
X	128314098	5551
X	129043233	4853
X	129592611	4838
X	130331119	4779
X	131134440	4111
X	131646940	6583
X	132580273	4499
X	133238866	4970
X	134142390	4862
X	134992523	4846
X	135913111	4833
X	136660440	4668
X	137325099	4847
X	137981813	4565
X	138483745	5104
X	139222827	3967
X	139708277	4879
X	140471324	4894
X	141173638	3758
X	141698789	7303
X	142411221	5413
X	143034752	4689
X	143517525	3311
X	143885305	3027
X	144309743	4907
X	144841710	4074
X	145256162	6581
X	146027922	4886
X	146538098	3667
X	146955259	4519
X	147476496	4843
X	148026717	3967
X	148465478	3827
X	149057216	4931
X	149717316	4878
X	150514228	3983
X	151023772	4555
X	151516295	4832
X	152046243	4904
X	152657584	4925
X	153401470	4960
X	153983245	4252
X	154834712	4507
