1	0	4832
1	1328947	4943
1	2030808	7170
1	3068487	4708
1	3624793	4579
1	4175949	4948
1	4792584	4770
1	5449404	4891
1	6170788	3672
1	6784893	5735
1	7769756	3340
1	8344217	4566
1	9271387	4288
1	10016070	4571
1	10796700	4756
1	11613405	3925
1	12221321	4961
1	12947630	4959
1	13894899	4963
1	14592599	4627
1	15220530	4878
1	16008857	4804
1	16973029	4976
1	17697924	4669
1	18378533	4253
1	18956736	4701
1	19679612	4926
1	20508211	4987
1	21428017	4884
1	22144019	4856
1	22965388	4829
1	24008569	4702
1	24844374	4904
1	25871303	4934
1	26981025	4985
1	28088746	4972
1	29147044	4809
1	29905407	3589
1	30411688	4588
1	31108673	4984
1	32063369	6582
1	33512793	4645
1	34277342	4896
1	35146485	4922
1	36305407	4830
1	37161684	4971
1	38046844	4995
1	38941849	4609
1	39817510	4933
1	40665707	4838
1	41484723	4820
1	42422628	4990
1	43363253	4846
1	44355310	4991
1	45306259	4738
1	46316826	4350
1	47050801	3715
1	47703433	4622
1	48497786	6514
1	50023963	4618
1	51158521	4726
1	52090766	4814
1	53051753	4961
1	53889884	4559
1	54639242	4837
1	55398670	4953
1	56188334	4731
1	56918271	4878
1	57732561	4799
1	58546852	4689
1	59357232	7059
1	60640541	4618
1	61462843	4538
1	62212378	4729
1	63079081	3158
1	63660295	4038
1	64384509	4165
1	65232195	3115
1	65761402	3425
1	66374629	4014
1	67054149	3659
1	67688388	4888
1	68538677	4506
1	69435459	4827
1	70385389	3739
1	71047858	5574
1	72282784	4765
1	73191905	3847
1	73883872	4950
1	74896682	6953
1	76066278	4332
1	76779317	4919
1	77683469	4961
1	78646195	4320
1	79324913	4944
1	80093287	3802
1	80646838	4824
1	81353048	5665
1	82261183	5384
1	83166865	4994
1	83999200	4838
1	84893263	4680
1	85708483	4835
1	86456608	4930
1	87348973	3112
1	87905764	4713
1	88836305	3154
1	89426293	4189
1	90253609	3965
1	91022322	4035
1	91644132	4141
1	92486926	4993
1	93554711	4904
1	94518716	4754
1	95278990	4183
1	96022930	4756
1	96823788	5964
1	97921099	4807
1	98760550	4380
1	99464826	4873
1	100332667	4726
1	101271413	4135
1	101787622	4168
1	102389680	4812
1	103108546	5867
1	104226728	4852
1	104830798	4388
1	105434871	4336
1	106124614	4434
1	106838217	3434
1	107505498	4744
1	108337903	4839
1	109275800	4816
1	110202252	4702
1	111041975	4529
1	111768066	4053
1	112463506	3672
1	113199308	4619
1	114153969	4718
1	114995420	4637
1	115698274	4893
1	116571089	4954
1	117549972	3718
1	118264539	4434
1	119001455	4971
1	119910663	4313
1	121571942	4828
1	143572884	4989
1	145885916	4620
1	147172600	4790
1	147842409	4855
1	149357662	4962
1	150720938	4947
1	151853747	4989
1	152885097	4859
1	153718397	3929
1	154628049	4651
1	155739060	4814
1	156800867	3059
1	157283118	4232
1	157949121	4990
1	158700702	4030
1	159308274	4466
1	159984800	4849
1	160828311	4861
1	161632013	4897
1	162446616	3733
1	163076852	4508
1	163769741	3597
1	164357414	3595
1	164980187	4984
1	165710018	4985
1	166580755	4185
1	167220562	4317
1	167914265	4744
1	168729314	4725
1	169487036	4725
1	170175867	4942
1	171065131	4591
1	171825009	4896
1	172816600	5770
1	174090524	4580
1	175045698	4413
1	175743820	3524
1	176368451	4668
1	177366322	4366
1	178094034	4854
1	179098073	4835
1	179836174	4356
1	180566568	3683
1	181238654	4879
1	182090162	4804
1	182982368	3769
1	183635807	4325
1	184386754	4712
1	185335089	4937
1	186190999	4517
1	186989031	4316
1	187708948	3473
1	188242728	4898
1	188887484	4761
1	189666306	4851
1	190494347	4498
1	191228517	4085
1	192011310	4694
1	192876035	4825
1	193757317	4772
1	194430689	4643
1	195121832	5501
1	196061123	4942
1	197067317	3452
1	197935528	4772
1	198757333	3316
1	199393357	3966
1	200008657	4866
1	200874228	4519
1	201534834	4664
1	202342030	4950
1	203273691	4961
1	204152053	3370
1	204728156	4862
1	205532843	4738
1	206497778	4904
1	207489945	4390
1	208255426	4797
1	209001526	4888
1	209838936	5180
1	210676346	4977
1	211492967	4636
1	212239027	4698
1	213015876	3980
1	213794637	4388
1	214552499	5934
1	215621857	4629
1	216423446	4318
1	217137805	4907
1	217920854	3710
1	218541949	4567
1	219273437	4774
1	220090512	4204
1	220885109	3689
1	221550693	4971
1	222387484	4505
1	223188204	4945
1	224162097	3033
1	224773391	4827
1	225653192	7126
1	226987595	4969
1	227706749	4740
1	228512355	4917
1	229410817	4690
1	230282174	4919
1	230978925	3084
1	231476338	4318
1	232222224	4690
1	232918068	4939
1	233672562	4728
1	234384099	4648
1	235128986	4873
1	236065212	6958
1	237004468	5520
1	237834038	3611
1	238325838	3336
1	238779250	3430
1	239250868	4593
1	240013276	4829
1	240739903	4877
1	241519811	3741
1	242060292	4282
1	242671626	3579
1	243255398	4951
1	244257701	4830
1	245024906	4926
1	245709481	6220
1	246507362	4933
1	247185532	4921
1	247896581	6458
2	0	4793
2	749906	4851
2	1367663	3010
2	1744902	3834
2	2331310	4166
2	2871281	4861
2	3561795	4188
2	4140781	4816
2	4827134	4827
2	5531642	3049
2	6001325	4781
2	6713041	6949
2	7899705	4762
2	8684503	4649
2	9649489	4528
2	10296230	4417
2	10914275	5805
2	11827459	7095
2	13007063	4904
2	13739066	7504
2	14907714	4860
2	15680534	4904
2	16432752	4062
2	17123190	4855
2	17914215	5864
2	18787802	4142
2	19520145	4658
2	20241096	5898
2	21198946	7020
2	22531155	4957
2	23351914	4309
2	24063731	4672
2	24919889	4947
2	25995131	4195
2	26827570	4878
2	28010562	6582
2	29189693	4864
2	29921616	4526
2	30679945	4312
2	31291654	4897
2	32157687	4503
2	32945501	5143
2	33637475	5913
2	34297803	3194
2	34738281	3524
2	35219654	4026
2	35725192	4737
2	36355164	4833
2	37084392	4621
2	37738518	4468
2	38286460	4315
2	38975499	4746
2	39862495	4958
2	40486330	4484
2	41157605	5103
2	41820804	4432
2	42494147	4960
2	43226659	7120
2	44271156	4484
2	45009480	4266
2	45612215	4606
2	46257227	4102
2	46859057	3879
2	47387651	3583
2	47940268	5175
2	48776567	4471
2	49383129	4257
2	50005840	4902
2	50764402	4222
2	51396537	7476
2	52407967	4948
2	53052591	5843
2	53860210	4825
2	54680095	4951
2	55419971	3796
2	55952064	3016
2	56386223	4800
2	57049386	3851
2	57544649	4182
2	58296598	4867
2	59219279	5357
2	60100250	4610
2	60931660	4734
2	61854193	4498
2	62662704	4896
2	63827893	4507
2	64616532	4749
2	65432687	4136
2	66084689	4653
2	66881272	3470
2	67410595	4906
2	68110998	4774
2	68907006	3079
2	69437678	4698
2	70355965	4863
2	71079855	6751
2	72148088	4931
2	73298837	4724
2	74192295	4777
2	75199750	4973
2	75932209	4985
2	76645610	7513
2	77593369	4789
2	78279449	4633
2	79037414	4457
2	79667124	6257
2	80648911	4936
2	81496377	3497
2	82005750	4711
2	82857434	4824
2	83657892	4475
2	84460095	4732
2	85341888	4965
2	86196099	4828
2	87302301	4953
2	88529634	4938
2	89863031	4275
2	92035050	4991
2	94806502	4647
2	96138486	4978
2	97590015	4951
2	98594440	4947
2	99551727	7150
2	100722932	4585
2	101522026	4275
2	102250305	4403
2	103019950	3212
2	103623880	4601
2	104415662	4570
2	105243099	4708
2	105894324	6966
2	106963724	3807
2	107556376	4778
2	108423935	4309
2	109124659	4985
2	110285906	3123
2	111168497	4769
2	112119368	4816
2	113086961	4890
2	113953658	4821
2	114919256	4802
2	115774520	4759
2	116513702	4847
2	117332335	5724
2	118186436	4753
2	118994710	4371
2	119700201	4653
2	120558159	4937
2	121363236	4749
2	122307464	4897
2	123073531	6100
2	124025223	5398
2	124915337	4859
2	125765892	4757
2	126558212	4923
2	127250132	4476
2	128067457	3286
2	128581626	4361
2	129273898	4826
2	130051181	4499
2	131093510	4403
2	131836582	4723
2	132671629	5046
2	133596449	5290
2	134454671	4825
2	135531286	4890
2	136545592	7256
2	137677767	4992
2	138613217	4741
2	139379197	5062
2	140217289	4875
2	140889492	4465
2	141465666	4520
2	142137880	4319
2	142856048	4874
2	143776123	3143
2	144579484	4873
2	145603473	4857
2	146589360	5704
2	147810827	4089
2	148595378	4452
2	149474198	4806
2	150301130	4415
2	151048824	3682
2	151734537	4960
2	152649884	6511
2	153762696	4365
2	154457488	5411
2	155330577	5361
2	156255000	4625
2	157211589	4379
2	158136204	4378
2	158753825	3458
2	159286849	4968
2	160130115	6725
2	161411767	4870
2	162460483	6858
2	163736062	4817
2	164755096	4907
2	165687482	4610
2	166494297	5366
2	167259803	4049
2	167941194	3221
2	168451656	4704
2	169216170	5821
2	170120148	4891
2	170861201	4745
2	171748470	3911
2	172424223	3766
2	173052943	4759
2	173811442	4015
2	174546385	4591
2	175454690	4814
2	176243043	4028
2	176930140	3671
2	177619016	4890
2	178478650	4946
2	179400925	3786
2	180007163	5983
2	180939348	4735
2	181738765	4451
2	182523242	4968
2	183345018	4712
2	184100316	4596
2	184939542	4698
2	185833340	4754
2	186766015	4205
2	187565810	5524
2	188595981	4734
2	189488042	4390
2	190371715	3909
2	191174885	3458
2	191820300	4652
2	192776949	4434
2	193730739	3852
2	194455192	3410
2	195026420	3861
2	195573020	3556
2	196176553	3754
2	196927846	4048
2	197786812	4787
2	198772406	4839
2	199851223	4947
2	200845511	4987
2	201895600	4209
2	202872035	4662
2	203961627	3093
2	204507722	5899
2	205620212	4261
2	206410959	4786
2	207237925	4971
2	208190123	5849
2	209182068	4953
2	209999350	3166
2	210679157	4691
2	211361221	4680
2	212043023	3673
2	212538891	4548
2	213276202	4916
2	214050646	3994
2	214684296	4964
2	215463921	4307
2	216220242	4579
2	216994129	4681
2	217756643	4794
2	218702766	7123
2	220049322	4536
2	220797943	4888
2	221641863	4729
2	222560998	4424
2	223248844	4577
2	224039369	5722
2	225042495	3853
2	225762162	4947
2	226658843	4394
2	227382045	4185
2	227924394	4802
2	228684630	3369
2	229271335	4434
2	230069049	4971
2	230821125	4977
2	231646323	4873
2	232460082	4927
2	233207953	4030
2	233868494	4445
2	234497103	5152
2	235178955	6245
2	236131850	3902
2	236754413	4458
2	237425326	4861
2	238064285	5868
2	238926319	4918
2	239586144	4101
2	240136857	4665
2	240698533	4668
2	241354077	5536
3	0	3123
3	409467	4569
3	1065925	4899
3	1596295	4829
3	2089261	4529
3	2659831	3906
3	3126663	4817
3	3711344	5594
3	4467331	5314
3	5250305	4686
3	5808115	4816
3	6365935	4707
3	6984973	4913
3	7672793	4885
3	8291591	4842
3	8963823	4532
3	9748068	3637
3	10321228	4786
3	11039297	4895
3	11846969	7517
3	13073167	4915
3	13746687	4253
3	14394807	4882
3	15206009	3752
3	15873899	4216
3	16531852	4504
3	17212896	4934
3	18190912	7178
3	19535696	4594
3	20279664	4819
3	20968319	4783
3	21551578	7459
3	22373371	4708
3	23047214	6601
3	24103288	4721
3	24829244	4916
3	25419176	7841
3	26710826	4897
3	27369510	4739
3	28127743	4983
3	29019544	6815
3	30010441	4718
3	30694192	4885
3	31455944	4934
3	32238628	4711
3	32956399	4583
3	33794195	4403
3	34562927	4270
3	35256996	3301
3	35872248	4924
3	36637507	3909
3	37435547	4884
3	38329120	7757
3	39644755	4899
3	40453379	3525
3	41189286	5504
3	41962480	4386
3	42692594	4992
3	43734421	4795
3	44737133	4730
3	45549471	4963
3	46423641	4905
3	47513811	4929
3	48852031	3970
3	49930223	3156
3	50672098	4870
3	51830906	4958
3	52897646	4707
3	53818590	4863
3	54558604	5943
3	55505311	5515
3	56468413	4762
3	57292732	4736
3	58214747	4865
3	59119559	4780
3	59834545	4321
3	60334645	4507
3	60918095	4921
3	61642760	4666
3	62369380	4996
3	63125112	4810
3	63863953	3712
3	64511907	5095
3	65193549	5572
3	66038884	3878
3	66637462	4606
3	67306409	4909
3	68065295	6555
3	69123082	5573
3	69968387	4792
3	70808502	4856
3	71756546	4509
3	72446671	4427
3	73241946	4776
3	73959977	4893
3	74774078	4762
3	75595964	4431
3	76344947	4969
3	77183918	3046
3	77650014	4795
3	78525535	6562
3	79767865	4334
3	80442355	4687
3	81270350	4550
3	82216630	3558
3	82808071	5855
3	83938286	5860
3	84893429	6848
3	86074479	4609
3	86817086	3233
3	87324773	4162
3	87993885	3890
3	88601452	4925
3	89482184	4594
3	90257465	4584
3	91356964	4833
3	94441741	4570
3	95172427	4668
3	95792691	6434
3	96777733	4585
3	97821934	4937
3	98457948	4950
3	99216316	3808
3	99799276	4728
3	100695529	4883
3	101566496	4923
3	102537444	4837
3	103343186	4983
3	104063632	4747
3	104771721	4875
3	105523255	7429
3	106688829	4261
3	107463962	4865
3	108378335	4644
3	109243175	4995
3	110107595	6678
3	111275613	4979
3	112081319	4886
3	112846906	4667
3	113515237	4749
3	114522018	4776
3	115509858	4920
3	116430490	4651
3	117139439	4918
3	117997642	3358
3	118557718	4229
3	119290716	4363
3	120136833	4096
3	120836410	4872
3	121630345	4875
3	122575253	4264
3	123274180	3672
3	123992228	4474
3	124749323	4985
3	125595140	4428
3	126101611	4041
3	126671989	4583
3	127390720	3318
3	127987721	4809
3	128871590	4254
3	129632542	4341
3	130484894	5269
3	131520930	5251
3	132285460	4292
3	133037102	4411
3	133779056	4348
3	134575067	4141
3	135260517	4665
3	136197291	4357
3	137011135	4914
3	137882287	4723
3	138944070	4976
3	139859944	4801
3	140701200	4903
3	141615392	4587
3	142448112	3819
3	143177667	4165
3	143848581	4803
3	144661606	4953
3	145470526	7672
3	146606266	4446
3	147370706	4314
3	148127283	4980
3	148960162	3562
3	149503331	4545
3	150287423	4427
3	151080776	3487
3	151658016	4431
3	152496863	5236
3	153374236	4810
3	154088623	6809
3	155309857	4079
3	155988226	4892
3	156817112	4150
3	157533669	3335
3	158089047	4433
3	158871871	5815
3	159897416	4837
3	160755192	5898
3	161821958	5726
3	162601842	4969
3	163361613	4961
3	164121979	6393
3	165197159	3765
3	165837522	3374
3	166294403	4988
3	167047239	5990
3	168096025	4828
3	169076173	7317
3	170418665	3320
3	171026800	4479
3	171811000	4618
3	172595657	3771
3	173337015	5979
3	174378055	4785
3	175094325	4684
3	175810602	4984
3	176635582	4532
3	177349216	3793
3	178007829	4791
3	178860455	4680
3	179716877	6304
3	180982803	4601
3	182010728	4974
3	183116125	4603
3	183910986	4897
3	184712052	4533
3	185633601	4429
3	186493711	4736
3	187207679	4812
3	187959183	4656
3	188736210	3138
3	189325354	4872
3	190046600	6023
3	190892479	4831
3	191591147	3823
3	192093486	4970
3	192918211	3288
3	193378893	4792
3	194146021	4811
3	194782218	4961
3	195443128	4651
3	196160940	4901
3	196934764	7532
4	0	4992
4	781899	4800
4	1406381	4974
4	2242214	4725
4	2963435	4919
4	3677905	4898
4	4175288	6335
4	5019522	4567
4	5527851	4951
4	6127043	4994
4	6777959	4618
4	7391183	3492
4	7742886	4894
4	8324015	4696
4	8871867	4808
4	9484752	3658
4	9755828	4830
4	10285758	3347
4	10749636	4859
4	11429815	6605
4	12312740	4768
4	12948720	4405
4	13648450	4445
4	14242863	4861
4	14888219	4907
4	15738363	4222
4	16397373	4656
4	17186109	4957
4	18021926	3128
4	18489558	3770
4	19098790	5438
4	19909742	4811
4	20687022	4707
4	21351132	4227
4	21948849	4886
4	22675764	7292
4	23904139	4541
4	24671618	4838
4	25473865	3959
4	26104308	4838
4	27073415	6231
4	27985113	4512
4	28711526	4775
4	29408062	4562
4	30122214	6796
4	31146855	3129
4	31558871	5439
4	32353270	4682
4	32949822	3043
4	33437927	3997
4	34269797	4423
4	34966394	4973
4	35605014	7169
4	36641950	4142
4	37242041	4366
4	37862987	4595
4	38570721	4717
4	39399298	6975
4	40630925	4026
4	41303387	4889
4	42152928	4918
4	42892668	7411
4	44022113	4940
4	44841452	4374
4	45480186	4339
4	46244265	3461
4	46909285	3791
4	47593536	4698
4	48489246	4875
4	51851767	4657
4	52608943	3980
4	53366125	5362
4	54298297	4829
4	55125639	4829
4	55837537	4887
4	56681949	4715
4	57341076	4944
4	58000203	3866
4	58565172	4774
4	59219318	4973
4	59909270	4516
4	60484780	4777
4	61154012	5620
4	62165604	4521
4	62818844	5269
4	63494328	5554
4	64409518	4527
4	65036067	4747
4	65758046	6965
4	66897421	4976
4	67701229	4829
4	68670678	4952
4	69250865	4917
4	69961057	6939
4	71030964	4322
4	71824030	4092
4	72569436	4991
4	73456224	4426
4	74315357	4812
4	75101993	4697
4	75829639	3947
4	76421918	3890
4	77150487	4626
4	77819665	4919
4	78632435	4870
4	79588180	4896
4	80430395	4986
4	81277955	4953
4	82044294	4672
4	82798907	4911
4	83731805	4939
4	84640889	4966
4	85560614	6986
4	86815221	3764
4	87531111	4993
4	88331471	4252
4	89131003	5221
4	89954679	4709
4	90695955	4823
4	91437231	4690
4	92277125	4951
4	93273627	3136
4	93810207	4998
4	94668277	3037
4	95158498	3334
4	95645343	3910
4	96213150	5523
4	97135109	6892
4	98143290	4681
4	98995044	4564
4	99654698	4795
4	100442227	4755
4	101235579	4886
4	102074862	3838
4	102761044	3445
4	103453708	5420
4	104411085	4657
4	105293996	4544
4	106022528	4178
4	106837651	4970
4	107706182	5586
4	108789829	4362
4	109554144	4600
4	110293623	4039
4	111064277	4789
4	111933873	4674
4	112788928	3716
4	113420186	4982
4	114312087	4784
4	115091382	4542
4	115764869	4969
4	116599661	4331
4	117250238	4228
4	117869998	4502
4	118715483	4956
4	119454688	3612
4	120040665	3891
4	120650846	4671
4	121329220	4723
4	122078368	4392
4	122923018	4977
4	123764615	5493
4	124712782	5115
4	125492982	3942
4	126106973	3322
4	126564826	3273
4	127077812	4988
4	128103026	6555
4	129305072	4183
4	129955418	3886
4	130495335	4160
4	131113305	4427
4	131857963	3632
4	132447285	4032
4	132981727	3878
4	133575258	4628
4	134457902	4085
4	135123829	4669
4	135913730	3551
4	136553789	4448
4	137212849	4731
4	137816452	4499
4	138561991	4005
4	139256810	4822
4	140154234	3267
4	140779191	5260
4	141734037	6642
4	142847482	4605
4	143719802	4683
4	144368866	3280
4	145180211	4956
4	146200050	4088
4	147030122	3391
4	147684280	4524
4	148558098	3968
4	149278173	5386
4	150257507	4973
4	151325682	4901
4	152225920	4839
4	153091215	3933
4	153789170	4821
4	154613017	4929
4	155462713	3583
4	156007038	4860
4	156692686	4904
4	157576204	4035
4	158278726	3938
4	159064448	4974
4	159933996	4777
4	160662752	4738
4	161289725	5994
4	162164085	4257
4	162742098	4341
4	163520589	5720
4	164384100	4807
4	165060604	4661
4	165762828	5124
4	166526169	7702
4	167742337	3555
4	168318857	4363
4	169010325	4309
4	169833413	4231
4	170482245	4624
4	171114631	4598
4	171838373	4842
4	172736393	4522
4	173634421	4945
4	174423914	3963
4	175019264	3438
4	175576190	4764
4	176332295	3438
4	176875507	4896
4	177691118	4786
4	178449304	4907
4	179069644	3024
4	179465355	3075
4	179857631	5517
4	180574077	4763
4	181265079	4780
4	181878675	6039
4	182803074	4830
4	183517577	4995
4	184221280	4830
4	184911402	4245
4	185535662	4790
4	186172717	3939
4	186726772	4800
4	187444348	7589
4	188389716	3600
4	188796683	4431
4	189291386	5115
5	0	4100
5	535932	4915
5	1178655	4282
5	1728222	4423
5	2262073	4836
5	2788599	3322
5	3181282	3470
5	3601453	3842
5	4143698	4477
5	4866271	4433
5	5490284	4699
5	6137221	4982
5	6848512	3547
5	7379840	4804
5	8080811	6422
5	8980709	3669
5	9546125	4526
5	10197678	4619
5	10940405	4884
5	11734023	4694
5	12574687	4182
5	13250712	4336
5	13944593	4303
5	14699761	4293
5	15451861	3668
5	16185635	4845
5	16936326	4325
5	17669568	4954
5	18435902	4952
5	19184612	4852
5	19972296	3779
5	20575923	5649
5	21589422	7074
5	22853672	4450
5	23528647	4514
5	24178313	4521
5	24910745	4852
5	25716765	4927
5	26399869	6698
5	27496451	4698
5	28287715	4417
5	29003407	4981
5	29639158	5691
5	30365734	4915
5	31066182	3188
5	31595719	4692
5	32313059	3569
5	32888195	3772
5	33522280	4357
5	34373900	4733
5	35048185	4655
5	35827068	4567
5	36588711	3464
5	37371231	3566
5	37967014	4341
5	38685176	4831
5	39462350	4158
5	40067250	4990
5	40860225	4578
5	41587837	3588
5	42191573	4834
5	43007593	7020
5	44066781	4491
5	44820478	5496
5	45896020	4521
5	46350746	4427
5	50443298	4971
5	51275784	4603
5	52081037	3237
5	52581156	4145
5	53207226	4372
5	53881101	4499
5	54546635	4169
5	55227365	4764
5	56067422	4707
5	56772353	4818
5	57617481	3658
5	58161802	4496
5	58863464	4920
5	59705584	4233
5	60547707	4991
5	61546220	4797
5	62435771	4641
5	63244341	4850
5	63981093	4142
5	64768735	4329
5	65587599	5703
5	66572596	4390
5	67270232	4462
5	67902650	4632
5	68691371	6677
5	71756351	4612
5	72660719	4738
5	73583427	4846
5	74308375	4337
5	75052893	4351
5	75832814	3833
5	76377199	4663
5	77166959	4918
5	77946488	4610
5	78770071	4833
5	79628576	7627
5	80876510	4745
5	81751847	4551
5	82587461	4847
5	83443964	5496
5	84490815	4762
5	85238124	4284
5	85849249	4943
5	86663300	5915
5	87733319	4068
5	88498747	4089
5	89466448	4991
5	90481573	7154
5	91844579	4984
5	92844054	5442
5	94111749	5485
5	95284625	3265
5	95874569	5094
5	96808150	4443
5	97449791	4385
5	98026189	4768
5	98833761	4863
5	99660216	7203
5	100903316	4641
5	101582178	4813
5	102296599	4659
5	103031155	4681
5	103891959	4330
5	104603401	4701
5	105402626	5784
5	106544380	4322
5	107195382	3647
5	107810974	4507
5	108594017	4097
5	109196891	4819
5	109885473	5792
5	110765211	4322
5	111494936	4973
5	112218091	5982
5	113021020	4675
5	113648991	7106
5	114668460	4956
5	115392420	4714
5	116078620	4538
5	116591448	3315
5	117038619	5529
5	117779582	3724
5	118284832	4231
5	118785509	4997
5	119637249	4638
5	120333552	3389
5	120790828	4282
5	121357448	3952
5	121852883	4931
5	122730735	5558
5	123637453	4581
5	124405129	4825
5	125149979	4996
5	125863243	4913
5	126595468	3851
5	127229859	4917
5	128189738	4222
5	128914214	3921
5	129397197	4086
5	130186684	4161
5	131008792	4808
5	132013249	4959
5	132988160	4357
5	133720984	4590
5	134583280	4708
5	135535999	4183
5	136188797	4340
5	136969356	4321
5	137810801	4929
5	138935084	4892
5	140125669	4270
5	141098753	4861
5	141942097	4972
5	142761048	4261
5	143562598	3870
5	144170764	4636
5	145005839	4606
5	145835419	3459
5	146512011	3983
5	147234909	4091
5	147923471	4632
5	148677285	4444
5	149432885	4999
5	150290341	4782
5	151093627	4532
5	151812835	4180
5	152496067	4292
5	153223593	4440
5	153899037	4852
5	154705777	7180
5	155845578	5362
5	156767838	4928
5	157575825	4285
5	158278863	5336
5	159286090	4890
5	160119473	5039
5	160938676	4987
5	161751818	5825
5	162762363	4525
5	163519386	4518
5	164234147	5326
5	165171693	7053
5	166382649	4565
5	167168451	4965
5	168110028	3070
5	168617046	4585
5	169301179	4854
5	170083432	4997
5	170814097	3232
5	171457673	4783
5	172284121	4865
5	173052605	4746
5	173809089	4732
5	174520965	3031
5	174995563	4780
5	175710806	4574
5	176659104	4966
5	177596174	3139
5	178232841	4893
5	178841184	4768
5	179456145	4155
5	180087088	4941
5	180672648	4263
6	0	4753
6	821969	5761
6	1606129	5093
6	2482072	4993
6	3157576	4335
6	3753921	4607
6	4428131	4312
6	5089537	4718
6	5818416	3688
6	6321063	4732
6	6938947	4811
6	7612017	4602
6	8309427	4502
6	9006837	7741
6	10211658	3545
6	10731179	4957
6	11481289	7203
6	12585454	4942
6	13487712	4487
6	14285504	4813
6	15104180	3349
6	15663108	4397
6	16295599	4831
6	17131422	4801
6	17924894	4805
6	18580402	4854
6	19321071	4661
6	20024679	4722
6	20769990	4472
6	21598669	4676
6	22368378	4919
6	23103596	3656
6	23649824	4658
6	24166424	4646
6	24786149	3374
6	25273801	4969
6	26027302	4982
6	26956604	4966
6	27865848	4945
6	28732954	4325
6	29331111	4913
6	29797861	4453
6	29972514	4594
6	30359961	4883
6	30900206	4573
6	31223143	5032
6	31357687	4955
6	31739813	4409
6	32377373	3005
6	32589898	3560
6	32668433	4914
6	32859635	4886
6	33276560	4759
6	33927681	4921
6	34576706	4901
6	35449916	4572
6	36336935	4756
6	37091856	4288
6	37819268	4967
6	38703191	4188
6	39314603	4084
6	40000283	4974
6	40715413	4576
6	41406611	4809
6	42217915	4859
6	43181557	4711
6	44073201	4937
6	44886649	4634
6	45664399	4863
6	46532808	4854
6	47369280	4894
6	48214844	4329
6	48952831	4743
6	49820492	4858
6	50637255	4676
6	51464815	4743
6	52244587	4896
6	52995428	4815
6	53794324	4718
6	54625538	4568
6	55282670	4766
6	55940674	3259
6	56433263	3235
6	57222364	3094
6	57913961	3388
6	58438414	4771
6	60944668	4881
6	61469488	4846
6	62248450	4914
6	62961923	4633
6	63822385	4277
6	64555397	7751
6	65707275	3078
6	66094959	4899
6	66710877	4376
6	67210530	4756
6	67889389	5421
6	68635077	4302
6	69389561	3114
6	69797161	4908
6	70589619	3870
6	71182768	3131
6	71652661	4491
6	72403193	4498
6	73198901	5162
6	74004862	5154
6	74734329	7045
6	76092990	4560
6	76775910	4633
6	77496721	3084
6	77927024	4245
6	78606086	4854
6	79437217	4109
6	80070249	4528
6	80736576	7375
6	81752824	3478
6	82370878	4923
6	83198982	4472
6	84090931	3953
6	84764569	4866
6	85390236	4860
6	86214626	4394
6	86768982	4476
6	87512386	4435
6	88277039	4922
6	89118131	4411
6	89921810	3756
6	90587095	4867
6	91393050	4451
6	92119683	4477
6	92790715	4754
6	93470810	4960
6	94341431	7197
6	95504546	4727
6	96164659	4646
6	96911119	4791
6	97833309	4636
6	98772660	4717
6	99580259	4973
6	100448813	4978
6	101275737	7354
6	102453842	3265
6	103003947	4287
6	103583318	3104
6	104019798	4757
6	104859969	4323
6	105668048	4056
6	106359767	4882
6	107051392	4417
6	107824367	4975
6	108787103	3958
6	109483287	4959
6	110358322	4286
6	111047571	4358
6	111901901	4611
6	112826520	4712
6	113710969	4720
6	114684489	4737
6	115358802	4809
6	116249547	4547
6	117060849	3999
6	117710690	4027
6	118455042	5412
6	119349811	4107
6	120015307	4468
6	120686792	4640
6	121390407	4696
6	122211861	3843
6	122860038	4881
6	123637143	7217
6	124825707	3441
6	125445233	4914
6	126556458	6731
6	127918681	4700
6	128816845	6166
6	129861597	4632
6	130574162	4325
6	131283585	4968
6	132115313	6352
6	133150866	4229
6	133895603	4605
6	134707399	4965
6	135716105	4137
6	136552604	3468
6	137219499	4906
6	137996197	4722
6	138793369	4916
6	139615254	3045
6	140205376	3758
6	141020076	3298
6	141636553	4200
6	142446316	4846
6	143387459	4979
6	144257674	3175
6	144853084	5780
6	145737268	4108
6	146555015	4259
6	147408331	4903
6	148137454	3399
6	148648647	4707
6	149411663	4925
6	150250407	4185
6	150843715	5398
6	151621243	6174
6	152637851	4854
6	153420622	3745
6	153939042	4918
6	154707845	4685
6	155455953	3114
6	155946929	4777
6	156774712	3103
6	157366973	4804
6	158099226	4868
6	158820643	4771
6	159526577	4548
6	160277688	4772
6	161025003	4542
6	161684203	4828
6	162401864	4671
6	163119525	4615
6	163840902	3497
6	164348694	3337
6	164831680	4789
6	165470667	6398
6	166383063	4364
6	166999115	4947
6	167679320	4885
6	168289400	4850
6	168918926	4785
6	169606466	7471
7	0	4893
7	496168	4977
7	1027605	5655
7	1748004	4412
7	2251196	4615
7	2844374	4645
7	3358917	7466
7	4269050	4288
7	4794362	3725
7	5233876	4296
7	5781789	4396
7	6404027	4816
7	6999855	5154
7	7620593	5491
7	8344566	7345
7	9189907	4651
7	9769563	4906
7	10365054	5468
7	11169680	5209
7	11832248	3780
7	12243417	4535
7	12769463	4775
7	13317655	4479
7	13865847	4744
7	14523120	3256
7	14974827	5965
7	15842410	3956
7	16421372	4992
7	17083247	6184
7	18027913	5566
7	19002466	6423
7	19818140	4734
7	20415804	3619
7	21023198	3584
7	21514872	3564
7	21946134	4606
7	22665583	4975
7	23470517	4189
7	24132887	4221
7	24758163	3865
7	25359958	4959
7	26187175	4922
7	27024957	3687
7	27663045	3504
7	28279750	4238
7	28959395	3924
7	29563720	4939
7	30412552	4089
7	31111529	3772
7	31708505	3834
7	32299379	4777
7	33006981	4570
7	33728506	3139
7	34297648	4186
7	34892599	3897
7	35510313	4715
7	36320529	3177
7	36841423	4707
7	37586379	4926
7	38335564	4047
7	38932444	4726
7	39793142	4864
7	40865462	4878
7	41685737	3254
7	42237920	4427
7	42949008	4744
7	43807392	4833
7	44787390	4639
7	45542232	4865
7	46294519	5233
7	47079178	3509
7	47661698	4728
7	48395303	4976
7	49082951	4853
7	49762814	4981
7	50623080	6722
7	51716972	4281
7	52269619	5430
7	52897857	7782
7	53947794	3916
7	54420378	4011
7	54938234	4904
7	55678540	4871
7	56497335	4638
7	57275247	3678
7	57837096	4818
7	61609923	4736
7	62422904	4687
7	63011619	4872
7	64078599	4969
7	64769151	4983
7	65802117	4229
7	66607157	4937
7	67334433	3206
7	67770518	3935
7	68288283	3104
7	68724098	5456
7	69597498	5913
7	70838063	5628
7	71713650	4889
7	72447201	4769
7	73624593	4988
7	74602654	4857
7	75888976	4898
7	76852586	4696
7	77726355	4528
7	78438027	6941
7	79471258	4641
7	80312506	3821
7	80974774	4709
7	81691456	4528
7	82443848	4155
7	83162980	3200
7	83664675	5179
7	84492774	4629
7	85381425	4823
7	86217783	4907
7	87111332	3862
7	87909591	4768
7	88856575	4986
7	89654975	4549
7	90322642	5409
7	91210640	4681
7	92180775	4834
7	93226574	4368
7	94077207	3642
7	94834497	4042
7	95613769	4043
7	96377970	4300
7	97201533	3344
7	97740522	4731
7	98479275	4305
7	99207556	4807
7	100272268	4681
7	101222210	4706
7	101877011	6226
7	103280460	5897
7	104208097	4968
7	104926695	3546
7	105600925	4128
7	106315793	3891
7	106907195	4558
7	107803275	4696
7	108614317	3914
7	109326365	3882
7	109999674	3488
7	110534804	4821
7	111562567	4953
7	112491112	4964
7	113451452	3293
7	114075970	4356
7	115019252	4316
7	115833423	4259
7	116614870	3379
7	117440830	3623
7	118192874	4411
7	118951309	4708
7	119907425	4441
7	120858452	4621
7	121650410	3411
7	122310741	4917
7	123230791	3860
7	124027709	4841
7	124790739	4789
7	125610118	4953
7	126376342	4919
7	127296253	4887
7	128257678	4914
7	129095861	4798
7	129952999	4713
7	130843775	4730
7	131714757	4683
7	132466924	3634
7	133170564	4029
7	134066639	4271
7	134735179	4981
7	135607995	5644
7	136488367	4939
7	137354533	4548
7	138188179	3245
7	138701402	4867
7	139545034	4972
7	140426300	3118
7	141052459	4182
7	141888142	4999
7	142740944	4886
7	144008843	4815
7	145006185	4786
7	145737139	4956
7	146524540	4485
7	147235726	4295
7	147828381	4457
7	148421048	4981
7	149297362	4617
7	150005174	4673
7	150750144	4635
7	151520170	3989
7	152122397	4057
7	152855428	4727
7	153449925	4709
7	154172125	5348
7	154894335	4579
7	155457149	3630
7	155966393	3521
7	156435883	4728
7	157111122	4763
7	157739467	6288
7	158587838	5004
8	0	4655
8	662099	4529
8	1185305	4611
8	1592243	4759
8	2074981	4668
8	2625797	4129
8	3039780	4672
8	3365652	3693
8	3582900	4104
8	3800148	3863
8	4017396	4070
8	4234644	4733
8	4560516	6061
8	4995022	4671
8	5363700	4655
8	5716854	7617
8	6257587	5223
8	6708259	3842
8	7083378	4681
8	8461387	4786
8	8979075	4415
8	9457468	3903
8	9905416	4905
8	10482024	3371
8	10859486	4874
8	11474765	4891
8	11996362	6083
8	13044506	5230
8	13604660	5269
8	14023472	4590
8	14448687	4621
8	14873902	4840
8	15390785	5819
8	16000374	4571
8	16567540	4833
8	17122694	3937
8	17570623	4696
8	18029994	4925
8	18550518	7540
8	19396268	4356
8	19967308	4273
8	20551455	5986
8	21309499	4862
8	22006635	4135
8	22684059	4927
8	23384409	5126
8	24177130	4935
8	25009827	4656
8	25777506	3943
8	26372730	4765
8	27010796	4593
8	27697576	4830
8	28490368	4511
8	29350718	4941
8	30183690	4379
8	30984371	4669
8	31773715	6368
8	32768009	3844
8	33600156	4209
8	34346781	3414
8	34864848	4825
8	35796600	4752
8	36988462	4931
8	37983423	4765
8	38988712	4646
8	40016441	3839
8	40520208	3365
8	41033048	4084
8	41650719	4898
8	42611137	4875
8	43449547	4752
8	46028942	4957
8	46638936	3219
8	47198911	4612
8	48308080	3954
8	49076140	5147
8	49907496	7332
8	51015215	5223
8	51809495	4568
8	52565557	4438
8	53251747	4954
8	54102067	4537
8	54871770	4251
8	55542104	4673
8	56320826	4396
8	56993894	4754
8	57645023	6275
8	58659894	4802
8	59456060	4221
8	60142192	4782
8	61026674	7200
8	62144819	4966
8	62999702	3261
8	63609650	4732
8	64583678	4101
8	65378161	4791
8	66197365	4931
8	67295445	5867
8	68293868	4854
8	69130395	4744
8	69938450	4422
8	70790421	4368
8	71592075	4578
8	72251615	4685
8	73063111	4794
8	73915060	4801
8	74752311	4793
8	75515976	4432
8	76265782	4082
8	77014078	3000
8	77537340	4006
8	78153963	3944
8	78840572	4957
8	79666225	4892
8	80559807	4868
8	81533325	4700
8	82348255	6884
8	83408950	5106
8	84140333	4619
8	84980597	4769
8	86154278	4851
8	86938662	6441
8	88019163	4795
8	88808958	3948
8	89415121	3698
8	90095525	4976
8	91087145	4777
8	92144485	4398
8	93029889	4973
8	93974826	6799
8	95156734	4336
8	95810186	4450
8	96611830	4761
8	97625129	6913
8	99013094	4964
8	100145850	4368
8	100953438	4158
8	101669776	4876
8	102452533	4733
8	103224373	4760
8	104035369	4812
8	104883374	6116
8	106060574	3855
8	106770295	4652
8	107498105	3956
8	108132164	3950
8	108787665	4403
8	109566046	4696
8	110556568	4677
8	111591563	4934
8	112535353	4749
8	113437149	3517
8	113951048	5872
8	114791979	4846
8	115678480	3366
8	116403807	4857
8	117313711	4315
8	118111903	4514
8	118858268	4108
8	119480825	3444
8	120050963	3869
8	120813409	3586
8	121380515	4315
8	122127234	4948
8	122985679	4547
8	123815502	3993
8	124487964	3393
8	125022333	4757
8	125901104	4105
8	126522401	4348
8	127227591	3459
8	127734017	3045
8	128220853	4808
8	128966051	4837
8	129786938	3747
8	130443710	4808
8	131144931	7278
8	132111209	4718
8	132922439	4957
8	133658259	4852
8	134320497	4306
8	134979329	4596
8	135742545	5555
8	136529926	4592
8	137244644	4817
8	137940324	3834
8	138496872	4454
8	139128003	4122
8	139703106	4871
8	140458629	4965
8	141308355	4786
8	141968891	4702
8	142577931	4893
8	143276981	4995
8	144064015	5713
9	0	5990
9	746156	5423
9	1329037	7720
9	2229291	4896
9	2814867	5753
9	3691864	5384
9	4348442	4662
9	4945952	4828
9	5700922	6544
9	6707830	4934
9	7293511	4931
9	7882576	4004
9	8358876	4547
9	8889204	4327
9	9419532	4610
9	9949860	4423
9	10480188	4764
9	11065419	4611
9	11618671	5814
9	12300501	4458
9	12885467	3546
9	13487561	4851
9	14041911	4720
9	14722767	4990
9	15362184	4990
9	16093528	7345
9	17112865	5543
9	17797179	4791
9	18521162	3054
9	18911000	3874
9	19464574	3179
9	19958197	4245
9	20622593	4997
9	21385438	4942
9	22134676	4874
9	22898122	4227
9	23438750	3495
9	23956494	3755
9	24592043	4844
9	25192125	6434
9	26118458	4868
9	26892854	7219
9	27944547	5288
9	28670336	4283
9	29319002	3840
9	29826761	5052
9	30575062	4354
9	31167030	3572
9	31645210	5000
9	32293742	4564
9	33076709	4852
9	33920454	4723
9	34838636	4937
9	35937203	4489
9	36823649	3647
9	37503747	4951
9	38376480	4959
9	40171379	4220
9	42205038	4654
9	43125955	4584
9	63859691	4973
9	66208883	4751
9	68733001	4889
9	69529582	4573
9	70414674	5910
9	71446954	4774
9	72365285	3989
9	73170443	3643
9	73873347	4860
9	74796365	5934
9	75724625	4421
9	76394567	4489
9	77073345	3903
9	77648357	3589
9	78330143	4833
9	79145724	4935
9	79990114	4869
9	80651029	4682
9	81258368	3906
9	81977139	3663
9	82780244	4923
9	83644180	3853
9	84340733	4331
9	85027120	4948
9	85936649	4018
9	86696546	4553
9	87423943	4812
9	88138496	3800
9	88745955	4636
9	89498180	4833
9	90158696	4159
9	90743430	4304
9	91423912	4998
9	92173544	4718
9	93036286	4964
9	93819471	4739
9	94593843	4611
9	95517107	4852
9	96302202	4204
9	97152744	4911
9	98119262	4867
9	98872465	4967
9	99866941	4240
9	100732405	4901
9	101533587	3320
9	102055791	4707
9	102657564	7577
9	103689627	4463
9	104329446	4190
9	104991831	5437
9	105851475	4986
9	106740925	4478
9	107535212	4627
9	108254870	4362
9	108857017	4026
9	109534382	4689
9	110256690	3525
9	110801670	4962
9	111599905	4747
9	112363166	4357
9	113111550	4320
9	113851682	4713
9	114598423	4949
9	115402694	5695
9	116402372	6027
9	117415120	4181
9	118083432	3895
9	118764395	4085
9	119524175	3686
9	120245100	4600
9	121332893	4990
9	122200138	4871
9	123104916	4652
9	124033351	4464
9	124877783	4105
9	125746602	4713
9	126520823	4785
9	127503551	4906
9	128437401	4762
9	129370511	4457
9	130043244	4309
9	130704944	4945
9	131531318	4981
9	132406901	4781
9	133228641	4146
9	133740005	4781
9	134295447	4982
9	134943245	4930
9	135567005	4883
9	136205159	4867
9	136860849	4554
9	137590540	3480
10	0	7388
10	1164722	4545
10	1737526	4911
10	2315125	4874
10	2936491	4872
10	3537081	4139
10	4089063	3928
10	4678204	4760
10	5218999	4772
10	5842182	4037
10	6352812	4399
10	6920522	4445
10	7536615	4514
10	8162242	4086
10	8724338	4721
10	9513295	4988
10	10267255	3688
10	10795030	4747
10	11491800	4955
10	12235464	4622
10	12835595	4948
10	13530312	6908
10	14462192	4724
10	15168743	4266
10	15860570	4287
10	16522055	4915
10	17237643	4750
10	17841918	4929
10	18492172	4836
10	19153363	4881
10	19790451	5575
10	20547472	4944
10	21373000	4381
10	22454274	5214
10	23442440	4658
10	24252380	4753
10	25062329	4669
10	25732985	3925
10	26304608	4576
10	26944468	4396
10	27542287	4958
10	28334536	3635
10	28899534	3253
10	29318378	3906
10	29891517	4911
10	30629812	4878
10	31529864	4929
10	32394715	4792
10	33116722	5204
10	33917854	4967
10	34815375	4746
10	35800970	7437
10	36995635	3560
10	37603024	3408
10	38092101	4926
10	38783158	3190
10	39119802	3792
10	39456446	5322
10	42149599	4977
10	42927630	6780
10	43944516	4404
10	44488495	4908
10	45247411	4721
10	46063765	4990
10	47313597	4492
10	48672474	4679
10	49396066	4673
10	50266865	4851
10	51166022	4534
10	51908940	4748
10	52677298	4571
10	53330914	4418
10	53964692	4620
10	54558776	7322
10	55746958	5476
10	56596081	6105
10	57304609	4916
10	57983043	4827
10	58831487	6382
10	59960963	4830
10	60733540	4363
10	61482006	4975
10	62304083	4916
10	63110296	4995
10	63990618	7640
10	65315020	4829
10	65961617	4462
10	66539813	7169
10	67696219	4839
10	68544883	4986
10	69416917	4325
10	70007886	4936
10	70762491	4377
10	71363435	4790
10	72089082	4162
10	73097024	4945
10	74151113	5718
10	75411892	4918
10	76408454	4635
10	77238356	4900
10	78111098	3569
10	78697072	4827
10	79445677	4967
10	80126367	4716
10	80834067	4486
10	81507353	4681
10	82247289	4004
10	82987229	4815
10	83675489	5575
10	84561313	7128
10	85557486	4933
10	86366543	4894
10	87191518	4147
10	88049873	4627
10	88877594	4968
10	89650872	3415
10	90164010	4969
10	90921326	4631
10	91767246	4266
10	92710658	4811
10	93482367	4894
10	94363009	4459
10	95069547	3973
10	95694193	4779
10	96513968	4992
10	97446067	5378
10	98446997	4488
10	99235912	4870
10	100140201	4643
10	101061055	4885
10	102163921	4967
10	103248066	6733
10	104617023	4005
10	105265285	3230
10	105819247	4950
10	106551171	5690
10	107461719	5040
10	108197899	4868
10	108849611	4188
10	109529058	4797
10	110364700	7074
10	111498991	4907
10	112305085	4424
10	113167728	4201
10	113917244	5903
10	114996643	4496
10	115949042	4056
10	116645193	4770
10	117572507	4318
10	118365153	4840
10	119138034	4839
10	119958642	3804
10	120600174	4059
10	121186016	4812
10	121975267	4999
10	122699872	4769
10	123517758	4118
10	124093657	4824
10	124791920	7333
10	126009642	5173
10	126779824	4915
10	127452567	4963
10	128059943	4944
10	128757439	3723
10	129291772	4781
10	129963891	4912
10	130626229	6051
10	131311771	4792
10	131895347	4438
10	132441534	4080
10	132976404	5171
11	0	4836
11	784347	4881
11	1421042	6900
11	2423095	4522
11	3085493	4478
11	3664466	4980
11	4368436	3297
11	4697904	4418
11	5245597	3806
11	5645839	4852
11	6272177	3066
11	6791608	4888
11	7512565	4415
11	8016539	4399
11	8671916	4981
11	9593507	4742
11	10307447	6163
11	11240330	4002
11	11783272	4109
11	12359194	4837
11	13134889	4928
11	13907640	4488
11	14892302	4655
11	15758948	4634
11	16756931	4561
11	17544466	4760
11	18408475	5484
11	19308408	5030
11	20121648	4979
11	20842611	4848
11	21575731	4406
11	22117051	4863
11	22945443	7467
11	23893607	4506
11	24456060	5015
11	25082681	4367
11	25631091	5866
11	26288057	4770
11	26996171	4667
11	27891083	3481
11	28683519	4898
11	29594345	4309
11	30368696	4650
11	31431899	4593
11	32343459	4947
11	33191648	3784
11	33892339	4943
11	34710211	4879
11	35484895	4625
11	36251011	4895
11	37049436	4549
11	37702270	3453
11	38212849	3281
11	38674291	3604
11	39261263	5326
11	40112649	4813
11	40853587	3473
11	41459823	5942
11	42253762	5148
11	42940048	3874
11	43523314	4623
11	44310216	4335
11	44978078	4858
11	45825308	4354
11	46918692	4505
11	47905657	4672
11	48628543	4457
11	49208720	4841
11	49982585	3144
11	50422366	4704
11	54510691	4869
11	54943986	3712
11	55271169	4951
11	55787955	4894
11	56394698	4507
11	57056182	4468
11	58005755	4873
11	58796904	4852
11	59616194	4908
11	60542771	4884
11	61490981	4708
11	62331863	3377
11	63048176	4904
11	63911069	4906
11	64997095	4712
11	66069669	4894
11	67312657	4706
11	68030511	4995
11	68981036	4885
11	69738067	4936
11	70436634	4355
11	71252627	4988
11	71863708	4625
11	72674641	4536
11	73662869	4469
11	74486101	4609
11	75422330	4889
11	76381021	4917
11	77215289	6899
11	78574924	4894
11	79440998	4866
11	80231680	4957
11	80957684	6171
11	81842719	5542
11	82718132	4880
11	83644006	4786
11	84415546	6537
11	85627972	4684
11	86423159	4192
11	87025827	4697
11	87648599	4881
11	88337837	4671
11	89065995	4855
11	90192944	4885
11	91026210	4837
11	91764619	3693
11	92336546	4778
11	93241218	4836
11	94113801	4875
11	94925571	4617
11	95757492	4552
11	96507624	4052
11	97086732	3586
11	97657632	4948
11	98334718	4663
11	98945129	4845
11	99581339	6093
11	100358935	5735
11	101209641	4691
11	101872612	4681
11	102676262	5439
11	103479913	4990
11	104252701	4930
11	105198379	5742
11	106311841	4884
11	107177580	4983
11	107963532	4821
11	108959847	4942
11	109907791	4657
11	110789026	4364
11	111561795	4872
11	112621779	4696
11	113400468	3301
11	113990363	4999
11	114830589	5761
11	115943045	4712
11	116658302	4557
11	117413318	4968
11	118121940	4887
11	119057252	4160
11	119822179	4160
11	120489986	4741
11	121308744	3641
11	122004501	4666
11	122872689	4999
11	123627824	4941
11	124339712	4973
11	125196564	6604
11	126278181	4968
11	127053603	3654
11	127657927	3923
11	128241491	4215
11	128943449	4885
11	129788240	4835
11	130544906	5514
11	131350967	4985
11	132140822	4812
11	132855494	4394
11	133532569	4799
11	134319614	6254
12	0	4616
12	684177	4908
12	1507368	3090
12	1936624	5901
12	2941190	4564
12	3594023	4795
12	4379778	6735
12	5521586	4821
12	6270475	4833
12	7158995	4829
12	7900190	4734
12	8679720	4428
12	9414901	4814
12	10223180	3848
12	10802677	4769
12	11514186	4674
12	12289379	6314
12	13387217	4989
12	14192334	4720
12	15006733	4701
12	16037332	4798
12	16989986	4820
12	17757964	5776
12	18648466	4340
12	19376450	4976
12	20009987	4922
12	20753436	3843
12	21239296	4749
12	22008930	3340
12	22690715	3150
12	23251549	3794
12	23951082	4964
12	24774263	4225
12	25404478	4510
12	26079942	4474
12	26833248	4887
12	27695614	4941
12	28581561	3883
12	29148725	4074
12	29784809	4388
12	30321667	4059
12	30862229	4851
12	31615716	3797
12	32100785	4449
12	32755952	4980
12	33455502	5240
12	34250008	4763
12	37243786	3182
12	37576434	5590
12	38079049	3702
12	38589862	4957
12	39443440	3620
12	40142926	3109
12	40570882	3043
12	41072468	4881
12	41765631	4780
12	42590405	3700
12	43163160	3968
12	43806425	4073
12	44499208	3400
12	45117938	4293
12	46004735	4829
12	46876209	4989
12	47593490	4533
12	48328522	4972
12	49274653	4866
12	50283596	4718
12	51271412	4399
12	52108311	4981
12	52763943	4919
12	53727795	4714
12	54687484	4962
12	55393014	4880
12	56377381	4978
12	57520567	4607
12	58395188	3986
12	59064288	4026
12	59812626	4894
12	60655651	6500
12	61600893	4445
12	62417481	4348
12	63150992	4666
12	63823945	4759
12	64881082	3740
12	65663349	3237
12	66293037	4787
12	67096456	3904
12	67753867	4909
12	68553932	6842
12	69738618	4587
12	70434342	4343
12	71118297	4419
12	71927298	4067
12	72728894	3080
12	73208367	4635
12	74045878	4161
12	74728901	4146
12	75511686	4831
12	76348492	5071
12	77228743	4723
12	77966968	4735
12	78808549	4903
12	79794621	5141
12	80770767	5825
12	81759603	4584
12	82515867	3700
12	83172790	3600
12	83661769	4174
12	84294612	3970
12	84939718	4999
12	85883042	7776
12	87170479	4609
12	87950869	4846
12	89019729	4795
12	90112829	4643
12	91005076	4881
12	91906237	4567
12	92708599	4890
12	93641636	4954
12	94462534	4219
12	95073753	4589
12	95791202	4471
12	96485492	4767
12	97276259	4320
12	97995498	4844
12	98882081	4723
12	99777950	4504
12	100628336	4990
12	101466870	3835
12	102062199	4186
12	102824449	4240
12	103559865	4080
12	104177709	4944
12	104958794	4929
12	105744112	3606
12	106347065	4607
12	107271896	3912
12	107912670	4588
12	108641368	3592
12	109309270	4516
12	110073736	4248
12	110958258	4483
12	112153659	4762
12	113192418	4855
12	113966421	4889
12	114658112	4728
12	115364795	3537
12	115886187	4797
12	116738120	4069
12	117452220	4364
12	118145634	4294
12	118908980	4322
12	119681680	4979
12	120667374	4583
12	121399946	4980
12	122341332	6967
12	123761805	4872
12	124567639	4150
12	125164968	4703
12	125901533	3935
12	126524676	4777
12	127201484	7431
12	128244623	5644
12	129016713	6352
12	129903716	4768
12	130517967	4777
12	131141519	4854
12	131815418	4645
12	132460074	5635
13	0	4974
13	18808068	4571
13	19263923	4013
13	19863686	4404
13	20525907	4906
13	21295053	6492
13	22276574	4725
13	22932049	4886
13	23487514	3216
13	23946832	4845
13	24545847	5633
13	25366205	4510
13	26051081	4801
13	26760835	4819
13	27488282	7614
13	28778498	4651
13	29505997	4810
13	30196931	4630
13	30996188	3129
13	31483749	4757
13	32315394	3857
13	33066195	3296
13	33676818	3493
13	34263140	3728
13	34928126	3984
13	35699306	4707
13	36490491	4005
13	37221296	4447
13	37870475	4377
13	38617990	3646
13	39221977	3921
13	39857277	4797
13	40666647	4356
13	41470932	4881
13	42323317	4786
13	43114274	3640
13	43786958	4910
13	44715443	4936
13	45701234	4599
13	46505486	4711
13	47307351	4954
13	48002602	4800
13	48830110	6350
13	49936540	4702
13	50849955	4214
13	51565559	4829
13	52500245	4304
13	53258422	3457
13	53876169	3221
13	54441365	4690
13	55174598	4827
13	56000498	3976
13	56885652	4235
13	57729361	4883
13	58623039	5453
13	59480182	4886
13	60322816	4194
13	60941818	3650
13	61427996	4092
13	62029598	4804
13	62732409	3665
13	63328144	4926
13	64076061	5477
13	64959446	7414
13	66270508	5216
13	67230495	4253
13	67903271	4583
13	68694131	5061
13	69408785	5178
13	70139479	3108
13	70564487	4882
13	71297285	3287
13	71914228	4637
13	72586860	3999
13	73227310	4734
13	73995106	3692
13	74565495	3838
13	75252062	5692
13	76135275	4941
13	76958692	4510
13	77834000	5152
13	78659229	4563
13	79424378	4613
13	80369584	4519
13	81115345	4729
13	81861081	4989
13	82767529	3573
13	83298217	4234
13	84020812	3164
13	84563286	3460
13	85078970	4868
13	85799538	3314
13	86277312	3932
13	86937158	4990
13	87892522	4470
13	88630447	4893
13	89363274	4082
13	89992928	4923
13	90781919	4603
13	91524963	4544
13	92291466	4909
13	93057976	7696
13	94407451	4966
13	95174507	5241
13	96053532	4910
13	96994780	4926
13	97902338	4760
13	98641289	4850
13	99386484	6999
13	100675143	5093
13	101416542	5677
13	102402507	4986
13	103184382	4567
13	103856048	6278
13	104815119	4720
13	105505731	4598
13	106155540	4899
13	106942611	6080
13	107866785	4282
13	108481867	4996
13	109208057	4960
13	109915470	4993
13	110561783	4985
13	111305787	4879
13	112106932	4367
13	112684547	4959
13	113410406	6614
14	0	4959
14	19921709	4776
14	20560981	4938
14	21269544	4999
14	22003723	4986
14	22694585	4909
14	23578850	4808
14	24379654	4999
14	25127048	4743
14	25822791	4352
14	26597804	3040
14	27160470	4213
14	27845336	4315
14	28490412	4759
14	29476962	4532
14	30373165	4411
14	31244911	4662
14	32018735	5004
14	32882880	5791
14	33804226	4961
14	34539761	4843
14	35363678	4686
14	36235658	7157
14	37579175	4802
14	38432164	6217
14	39513830	5901
14	40386844	4437
14	40975927	3911
14	41604906	4573
14	42268636	4858
14	42989533	4510
14	43592312	5258
14	44384595	7182
14	45716002	5829
14	46651871	5874
14	47675004	4981
14	48319444	3450
14	48819643	4910
14	49614722	4254
14	50416511	4873
14	51257596	4875
14	51979392	7452
14	53157578	4795
14	53992045	4986
14	54902902	4933
14	55701576	4426
14	56345051	3125
14	56810529	3701
14	57493917	3699
14	57994575	3870
14	58795079	3818
14	59371455	4975
14	60299137	3390
14	61083783	4336
14	61796478	4962
14	62515173	4938
14	63318929	3048
14	63848412	4039
14	64596586	4554
14	65335233	5076
14	66177685	4983
14	66981013	4986
14	67816640	4793
14	68730268	4606
14	69574887	4271
14	70291909	4029
14	70907161	5859
14	71908480	4772
14	72595175	3926
14	73274690	4657
14	74084543	7771
14	75547065	4158
14	76310116	4705
14	77031622	4980
14	77803147	4617
14	78512328	7669
14	79868340	3364
14	80455519	4889
14	81260289	4859
14	82030399	5879
14	83039652	7071
14	84173656	4902
14	84999346	3839
14	85654476	5231
14	86401335	3824
14	86989175	4398
14	87655344	4577
14	88326957	4061
14	89111273	4994
14	89954827	3050
14	90491687	4678
14	91253975	4214
14	91948037	4961
14	92689044	3951
14	93333142	4858
14	94130303	4701
14	94801513	4868
14	95475886	4655
14	96093939	4433
14	96790663	4893
14	97581651	4435
14	98205193	4929
14	98845647	4961
14	99604076	4215
14	100330428	4657
14	101072987	4240
14	101732572	4957
14	102583227	4961
14	103332417	4640
14	104137948	4936
14	104747375	4890
14	105549744	4916
14	106269190	3903
15	0	4823
15	22617904	4793
15	23562181	4898
15	24169998	5027
15	24683443	5290
15	25439106	7440
15	26446824	3327
15	26970435	4364
15	27685818	4670
15	28859057	4722
15	29611262	4946
15	30883281	3581
15	31454189	4666
15	32639999	4750
15	33247671	4620
15	33866171	7697
15	35169748	3945
15	35926973	4123
15	36572262	3665
15	37255002	4953
15	38073009	4578
15	38853482	4764
15	39599516	4667
15	40481365	4831
15	41402569	4428
15	42156686	4813
15	43302822	4952
15	44663728	4747
15	45586354	4110
15	46351796	5201
15	47134172	4122
15	47846286	4939
15	48963494	4252
15	49796147	4956
15	50686865	4780
15	51622883	3811
15	52295848	5187
15	53129748	5913
15	53976958	4725
15	54633464	4449
15	55197117	3560
15	55743140	4812
15	56465187	4675
15	57323958	4982
15	58045740	6482
15	59097469	4428
15	59769196	4083
15	60402933	4836
15	61240381	3990
15	61852202	3255
15	62388925	4826
15	63110453	4239
15	63890367	4470
15	64825718	3854
15	65578402	4955
15	66497863	4661
15	67195245	4998
15	68257261	4627
15	69100037	4785
15	69965256	5809
15	71064039	4584
15	71818309	4738
15	72900310	4537
15	73770663	4898
15	74725660	4620
15	75695776	3212
15	76342526	4766
15	77420194	3609
15	77963704	4848
15	78750157	4703
15	79472340	4816
15	80138443	4080
15	80755671	3087
15	81324233	4460
15	82097744	4058
15	82836158	3582
15	83618793	4772
15	84806482	3127
15	85330384	4566
15	85959021	4866
15	86601069	3539
15	87029102	4639
15	87703902	4846
15	88546725	4536
15	89221801	4980
15	90102554	4993
15	90922634	4791
15	91677110	4297
15	92331087	4934
15	93007412	4707
15	93532048	4764
15	94239891	4956
15	95029488	4745
15	95825501	5873
15	96842434	4781
15	97560752	3503
15	98021827	4972
15	98647421	4853
15	99401365	3301
15	99877198	4126
15	100342055	3843
15	100846817	3512
15	101295332	4458
16	0	4988
16	705879	4687
16	1148804	4859
16	1771780	4917
16	2426749	4805
16	3256677	4125
16	3946355	4400
16	4615077	4911
16	5220644	4130
16	5621714	3817
16	6022784	3747
16	6423854	4831
16	6824924	3993
16	7092304	4616
16	7493374	4479
16	7894445	4895
16	8357910	3158
16	8667321	4220
16	9156931	4106
16	9676893	4248
16	10222123	4971
16	10841594	3476
16	11351812	4820
16	11974116	4720
16	12547224	4271
16	12881543	4896
16	13562968	4732
16	14266823	4173
16	15381097	4621
16	16143124	3660
16	17096471	4568
16	17826956	4845
16	19111534	4626
16	19886217	4350
16	20607157	4948
16	21760779	4407
16	22916388	4811
16	23759001	4988
16	24572913	4879
16	25424219	4745
16	26137738	3848
16	26729176	4972
16	27453443	4793
16	28539224	4985
16	29805435	4907
16	31165977	4831
16	32478300	4520
16	34371709	4549
16	35195711	3973
16	35904966	4998
16	46649899	4724
16	47908481	4084
16	48850065	3395
16	49469925	4307
16	50235360	4930
16	51178948	3547
16	51773223	4430
16	52547852	4771
16	53384795	4792
16	54240704	4716
16	54954715	4453
16	55586720	4922
16	56425588	4670
16	57148417	4574
16	57863103	4795
16	58629936	4169
16	59167202	3225
16	59755076	4774
16	60523300	3182
16	61056014	5056
16	62037085	4362
16	62808756	4776
16	63703715	3343
16	64343959	4756
16	65126162	4505
16	65863834	4697
16	66613942	4869
16	67806702	4439
16	68722666	4844
16	69704716	4860
16	70686116	4778
16	71724751	5289
16	72665059	3852
16	73294346	4148
16	73941831	4821
16	74701010	4722
16	75335628	6303
16	76262415	4938
16	76928219	4477
16	77444386	5840
16	78066811	4743
16	78473749	4692
16	78822553	4352
16	79171357	4357
16	79620160	3851
16	80045795	4707
16	80563185	4843
16	81137495	5228
16	81711812	4635
16	82192840	4824
16	82699712	4667
16	83135294	6641
16	83819787	4711
16	84261099	4624
16	84667736	4511
16	85149493	4930
16	85751179	4701
16	86293439	7544
16	87064041	3400
16	87515685	3900
16	87936579	4329
16	88440807	4068
16	88862736	4746
16	89490611	5579
17	0	4405
17	792559	4569
17	1301037	4496
17	1900132	4879
17	2723997	4972
17	3386924	4450
17	3981949	4893
17	4721549	4905
17	5470410	4832
17	6124477	4947
17	6831811	4854
17	7657818	4612
17	8397876	4893
17	9244050	4305
17	9905671	4741
17	10657359	3146
17	11157797	4971
17	11997560	4919
17	12786763	5713
17	13601977	4631
17	14236912	4232
17	14780253	4560
17	15417928	4995
17	16353706	3907
17	17015040	4581
17	17837052	4736
17	18944123	4071
17	20009284	3557
17	20785775	4598
17	21783515	4051
17	22705735	4941
17	27315976	4883
17	28347059	4225
17	29340872	4710
17	30563543	4846
17	31575709	4817
17	32500139	4721
17	33357345	5624
17	34195987	4444
17	34859096	3858
17	35558148	4992
17	36634748	4768
17	37609546	4636
17	38853893	4981
17	39877946	4883
17	40885277	4971
17	41640249	4958
17	42667056	4801
17	43779038	4928
17	44830866	3623
17	45602390	4929
17	46225439	4882
17	47492542	4870
17	48479248	4743
17	49370048	4756
17	50287905	6683
17	51503283	3639
17	52160067	4585
17	52899638	4983
17	53825263	4764
17	54703480	4864
17	55580605	4830
17	56434769	3712
17	57121399	4498
17	57850106	4711
17	58843337	7023
17	60666330	4152
17	61591252	4968
17	62693647	4292
17	63608415	4439
17	64497086	4621
17	65458458	4998
17	66267898	4662
17	66963701	7266
17	68257214	4753
17	69141938	4148
17	69983588	4492
17	70779280	3295
17	71298268	3243
17	71871800	4388
17	72640522	4762
17	73312225	4195
17	73911928	4935
17	74594259	4657
17	75432137	4986
17	76271349	4733
17	76969580	4320
17	77563293	4894
17	78254466	6328
17	79088649	4864
17	79650905	6448
17	80542655	3825
17	81034931	4726
17	81554011	4844
17	82292864	3537
17	82751247	3450
18	0	4794
18	712726	6728
18	1780005	4668
18	2489476	3661
18	3025616	4811
18	3723113	4936
18	4455385	4732
18	5133279	4884
18	5876378	4536
18	6642528	4671
18	7356493	6393
18	8407003	4688
18	9020814	4967
18	9823228	5787
18	10637449	4919
18	11378459	4905
18	12050722	7258
18	13216417	4612
18	13915757	4939
18	14614234	4068
18	15330332	4846
18	21111901	4709
18	22228079	4207
18	23026538	4768
18	23982606	4076
18	24686401	3631
18	25352240	5924
18	26426151	4820
18	27247238	4899
18	28177496	7443
18	29548291	4620
18	30299010	4554
18	31042865	3986
18	31760930	4597
18	32582878	4992
18	33578237	3533
18	34225002	4963
18	35199954	4939
18	36102898	4901
18	37042768	4687
18	37945410	6160
18	39034160	5956
18	40144554	4494
18	40824716	7005
18	42087880	3781
18	42691472	4532
18	43499886	4907
18	44293679	4879
18	45181397	4787
18	45914506	7079
18	47251653	4021
18	47931196	3575
18	48475650	3584
18	49013869	4529
18	49742113	4704
18	50394223	4671
18	51218354	4179
18	51845678	4990
18	52584923	7463
18	53568333	4523
18	54224838	4906
18	55082732	5508
18	56191312	4727
18	57072169	4993
18	57839016	4178
18	58477534	4957
18	59230824	4917
18	59904356	6578
18	60902776	4046
18	61579506	4976
18	62307879	3598
18	62980483	4463
18	63726482	4379
18	64423651	4725
18	65125760	4581
18	65920992	4197
18	66604188	5818
18	67485016	7197
18	68528173	4183
18	69214400	4994
18	69961853	4051
18	70650794	4044
18	71237152	4917
18	71944627	4651
18	72638571	4450
18	73264530	3711
18	73745282	4748
18	74413259	4945
18	75290000	4643
18	75928054	4474
18	76551706	4568
18	77116366	4441
18	77624565	4405
18	78140937	3026
18	78544238	3801
18	79002727	4733
18	79612353	4379
19	0	4909
19	748379	4937
19	1322896	4884
19	1981388	4296
19	2503191	4855
19	3124054	4905
19	3772271	4745
19	4471543	4857
19	5153645	4835
19	5858289	4847
19	6573107	3669
19	7088018	4936
19	7733956	4752
19	8439067	4991
19	9252675	4831
19	10022329	4857
19	10869840	4931
19	11739059	7182
19	13154958	4997
19	14031607	4981
19	14848972	4705
19	15584759	4989
19	16192096	4721
19	17026865	4729
19	17734566	4871
19	18569437	4381
19	19358805	4127
19	20056644	3758
19	20528665	4638
19	20983260	4625
19	21635225	4886
19	22317226	4944
19	23023747	4631
19	23821551	4792
19	27124059	4124
19	27646533	3684
19	28125480	4698
19	28792921	3258
19	29233435	4990
19	29901919	4324
19	30713588	4864
19	31595770	4692
19	32387717	4911
19	33175845	4978
19	33908441	4935
19	34745428	4989
19	35547576	4875
19	36491090	4698
19	37488702	4822
19	38426355	4958
19	39201934	4789
19	40021091	4070
19	40765439	4988
19	41586894	4571
19	42740619	4922
19	43269580	4674
19	44013976	4944
19	44821470	4824
19	45645679	4903
19	46429001	4836
19	47322116	4945
19	48110867	4845
19	48898783	4974
19	49763380	4979
19	50659360	4998
19	51417853	4971
19	52110776	4695
19	52690546	4913
19	53308694	4725
19	53824444	4705
19	54463761	4501
19	54916190	4709
19	55537139	4923
19	56121330	4541
19	56840779	4974
19	57612772	5804
20	0	4290
20	676229	4550
20	1309378	4995
20	2075872	4773
20	2820334	4005
20	3465494	4800
20	4187797	4450
20	4823695	4793
20	5533385	4414
20	6215431	3405
20	6780330	3586
20	7367682	4210
20	8043562	5549
20	8968410	4775
20	9839091	4977
20	10636879	4716
20	11397675	5985
20	12381305	4164
20	12952569	5383
20	13821632	4803
20	14714272	4777
20	15495332	3848
20	16053247	4996
20	16770112	4952
20	17484628	4977
20	18220562	5557
20	19056846	4796
20	19823993	4768
20	20738781	4912
20	21718536	4662
20	22607567	4827
20	23373113	4548
20	23980784	4967
20	24681041	4795
20	25391033	3941
20	26251576	4803
20	29575221	4268
20	30551520	4689
20	31484955	4964
20	32608943	4477
20	33443942	4358
20	34560395	4993
20	35701034	4981
20	36951893	4159
20	37683284	4715
20	38578911	4046
20	39349442	4169
20	40126407	4875
20	40975253	4800
20	41882558	4904
20	42627019	3293
20	43190020	4144
20	43895518	4398
20	44652283	4933
20	45579376	7599
20	46859722	3619
20	47493135	3630
20	48074238	4986
20	48849508	4758
20	49729892	4593
20	50480041	3709
20	51131717	4958
20	51862962	4877
20	52690979	4977
20	53544775	4773
20	54228102	3913
20	54859862	4281
20	55505265	4766
20	56205223	3745
20	56786137	4497
20	57409383	4706
20	58004698	4759
20	58783871	4112
20	59516089	4975
20	60282710	4691
20	60978468	4718
20	61552406	3402
20	61940667	4983
20	62603165	4904
20	63216284	4415
20	63743555	3599
21	0	4699
21	13113840	4459
21	13906538	4082
21	14383534	4264
21	15065986	4529
21	15880119	4668
21	16719207	4390
21	17296646	4037
21	17885658	3801
21	18486649	4855
21	19134473	4311
21	19760178	4330
21	20426256	3588
21	20828672	4550
21	21543379	4411
21	22205382	4318
21	22884050	4232
21	23490774	3930
21	24050336	3834
21	24547992	4848
21	25362481	4912
21	26217431	4919
21	26966563	4556
21	27653541	4139
21	28228717	4866
21	29073847	4437
21	29940083	4889
21	30755478	4805
21	31560537	4942
21	32393076	4120
21	33170699	3992
21	33977741	4708
21	34906914	6781
21	36004717	4974
21	36749967	4738
21	37517500	4883
21	38333471	4807
21	39074191	4655
21	39794399	7727
21	40847189	4800
21	41563008	4883
21	42143503	4729
21	42775559	4611
21	43805343	3483
21	44490338	4458
21	45004777	4832
21	45648993	7321
22	0	4517
22	15915850	4688
22	16592860	4896
22	17329282	3290
22	17774820	4878
22	19144734	4461
22	19854989	4802
22	20592268	4295
22	21637377	4852
22	22287270	4970
22	22872085	4627
22	23513652	4921
22	24245192	4586
22	24946745	4612
22	25564512	3666
22	26164353	4817
22	26887598	7169
22	27801548	4874
22	28789351	4989
22	29698648	4664
22	30574637	4751
22	31388887	7329
22	32498879	4107
22	33137388	5346
22	33922891	4753
22	34591328	4808
22	35249883	4895
22	36139400	4826
22	36819786	4898
22	37551785	4895
22	38455249	4989
22	39320439	4547
22	40335858	4916
22	41447073	4670
22	42369286	4858
22	43089478	4864
22	43812387	4971
22	44483767	4675
22	45010049	4527
22	45624682	4787
22	46357390	3148
22	46738311	4775
22	47373591	4851
22	48048599	3445
22	48451267	4517
22	48898436	3938
22	49266130	4784
22	49853414	7071
X	0	4541
X	3713658	3873
X	4633622	3707
X	5410301	4732
X	6422751	4455
X	7491249	4954
X	8784511	4983
X	9968402	4156
X	11123128	3872
X	12054976	4456
X	13094623	4517
X	14244978	4868
X	15665081	4308
X	16912367	4236
X	18396145	4870
X	19887651	7625
X	22251360	5351
X	23293196	4737
X	24550516	4376
X	25893594	4831
X	27149556	5209
X	28586445	4933
X	30017931	4574
X	31185472	4653
X	32205793	5787
X	33339491	4918
X	34517408	4923
X	35869681	4518
X	37292277	5378
X	38688970	4379
X	39865938	4944
X	41236629	4941
X	42778297	4208
X	44030971	4330
X	45382045	4853
X	46759222	4986
X	48267494	4791
X	50201063	4777
X	51746282	4878
X	53338023	4965
X	55078959	4727
X	56287939	4453
X	57229465	3050
X	57986183	4609
X	62884892	4896
X	64147102	4985
X	65273069	4699
X	66440718	4759
X	67375570	4719
X	68645577	3750
X	69570407	4987
X	70908781	4805
X	72573153	4483
X	73875685	4872
X	75328049	7216
X	76655177	4808
X	77381369	7502
X	79367717	4895
X	80335414	4996
X	81601356	4362
X	82561397	4709
X	83749989	4867
X	84934940	4969
X	86086389	4655
X	87144798	4998
X	88097275	4346
X	88982403	4694
X	90289953	4573
X	91438634	4217
X	92677004	4431
X	93777434	4872
X	94962049	6875
X	96621953	4436
X	97978691	3000
X	98865034	4798
X	100410323	4626
X	101780588	7512
X	104254983	4898
X	106073252	4781
X	107985058	4905
X	109342747	4781
X	110795869	4957
X	112382270	4460
X	113347669	3683
X	114390004	4989
X	115969139	7492
X	117398256	4531
X	118283417	4933
X	119605945	4985
X	121026613	3927
X	122011662	3914
X	122840695	3667
X	123914029	4831
X	125325264	6697
X	126821836	4168
X	127796783	4829
X	129043233	4995
X	130413393	4830
X	131830693	4773
X	133238866	4934
X	135052246	4937
X	136782138	4333
X	137981813	4775
X	139222827	4442
X	140505166	4123
X	141698789	3585
X	142411221	4968
X	143517525	3105
X	144309743	4382
X	145256162	3245
X	146027922	4209
X	146955259	4763
X	148052796	3702
X	149057216	4839
X	150514228	4980
X	151676789	4993
X	152973530	4962
X	154436566	3276
